0
696.0
299
0
0
1
-13.5
145
connections
0.2375
link
2.10526
bias
0.421052
node
0.526315
enable
0.210526
disable
0.421052
step
0.095
done
2
138
1000000
1.3509852739259336
4
0
106
1000002
1.9879965122198042
5
1
0
0
1
696.0
145
connections
0.2631575
link
2.10526
bias
0.421052
node
0.526315
enable
0.19
disable
0.38
step
0.095
done
3
79
1000000
1.1051174625323017
6
1
1
1000001
0.4684531259558806
7
1
139
1000002
-1.3388813355366498
8
1
0
0
1
-13.5
145
connections
0.2375
link
2.10526
bias
0.421052
node
0.475
enable
0.19
disable
0.421052
step
0.105263
done
2
38
1000001
-0.4127473871516014
9
1
27
1000002
0.668249812815235
10
1
0
0
1
-13.5
145
connections
0.2375
link
1.9
bias
0.421052
node
0.475
enable
0.210526
disable
0.421052
step
0.105263
done
2
60
1000000
-1.943572730579933
11
0
63
1000002
0.2149009877937278
12
1
0
0
1
-13.5
146
connections
0.2631575
link
2.10526
bias
0.38
node
0.526315
enable
0.210526
disable
0.421052
step
0.105263
done
5
93
146
1.0
16
1
93
1000001
0.01117053865383033
14
0
146
1000001
0.01117053865383033
17
1
58
1000002
-0.7466298036647596
13
0
144
1000002
-1.6303488454492894
15
1
0
0
1
-13.5
146
connections
0.2375
link
1.9
bias
0.421052
node
0.526315
enable
0.210526
disable
0.421052
step
0.105263
done
5
127
146
1.0
20
1
79
1000000
1.5313441751532166
6
1
144
1000001
1.2842185511559059
19
1
127
1000002
1.4258011431888429
18
0
146
1000002
1.4258011431888429
21
1
0
0
1
-13.5
145
connections
0.2375
link
1.9
bias
0.38
node
0.475
enable
0.210526
disable
0.38
step
0.105263
done
2
134
1000000
1.0075275006656432
22
1
1000000
1000001
-0.31751089481043815
23
1
0
0
1
-13.5
145
connections
0.2375
link
1.9
bias
0.421052
node
0.475
enable
0.19
disable
0.38
step
0.095
done
2
32
1000000
1.5716884872990295
25
1
1000001
1000002
0.7047508980888635
24
1
0
0
1
-13.5
146
connections
0.2631575
link
1.9
bias
0.421052
node
0.475
enable
0.19
disable
0.421052
step
0.105263
done
4
73
146
1.0
28
1
73
1000002
0.29843855393324903
26
0
36
1000002
-0.5981057388970714
27
1
146
1000002
0.29843855393324903
21
1
0
0
1
-184.5
146
connections
0.2631575
link
1.9
bias
0.38
node
0.526315
enable
0.210526
disable
0.421052
step
0.095
done
5
62
146
1.0
31
1
31
1000001
-0.11713259590715985
29
1
62
1000001
-0.29447109212119615
30
0
144
1000001
0.26346286438342625
19
1
146
1000001
-0.29447109212119615
17
1
0
0
1
-13.5
145
connections
0.2375
link
2.10526
bias
0.38
node
0.526315
enable
0.210526
disable
0.421052
step
0.105263
done
3
116
1000000
-1.708056597139615
32
1
144
1000001
-0.013376498684825489
19
1
125
1000002
-0.08099051708681593
33
1
0
0
1
-13.5
146
connections
0.2375
link
2.10526
bias
0.421052
node
0.475
enable
0.210526
disable
0.38
step
0.105263
done
5
121
146
1.0
36
1
27
1000000
1.819204555710388
35
1
121
1000001
1.931992383523958
34
0
146
1000001
1.931992383523958
17
1
144
1000002
0.19089493447212647
15
0
0
0
1
-13.5
146
connections
0.2375
link
1.9
bias
0.421052
node
0.526315
enable
0.210526
disable
0.421052
step
0.095
done
4
59
146
1.0
39
1
78
1000002
0.28152867064507614
37
1
59
1000002
1.258594027809076
38
0
146
1000002
1.258594027809076
21
1
0
0
1
-13.5
146
connections
0.2631575
link
1.9
bias
0.38
node
0.475
enable
0.210526
disable
0.421052
step
0.095
done
4
104
146
1.0
42
1
97
1000001
1.4739266505428232
40
1
104
1000001
1.5003343741547726
41
0
146
1000001
1.5003343741547726
17
1
0
0
1
-13.5
146
connections
0.2631575
link
1.9
bias
0.38
node
0.526315
enable
0.19
disable
0.421052
step
0.095
done
4
94
146
1.0
45
1
94
1000001
-1.0981535966477334
43
0
146
1000001
-1.0981535966477334
17
1
108
1000002
-1.043019841722007
44
1
0
0
1
-13.5
145
connections
0.2375
link
1.9
bias
0.38
node
0.526315
enable
0.19
disable
0.421052
step
0.095
done
2
25
1000001
1.6190120947905973
46
1
104
1000001
-1.0693738001122743
41
1
0
0
1
-13.5
145
connections
0.2375
link
1.9
bias
0.38
node
0.475
enable
0.210526
disable
0.421052
step
0.105263
done
3
106
1000001
1.2712458602821397
48
1
97
1000002
-1.0057885421637476
47
1
144
1000002
0.619150358615244
15
1
0
0
1
696.0
145
connections
0.2631575
link
1.9
bias
0.421052
node
0.526315
enable
0.210526
disable
0.421052
step
0.105263
done
3
144
1000000
1.745275000976727
50
1
1
1000001
-1.5980578742691494
7
0
66
1000002
-1.0083268893735098
49
1
0
0
1
-13.5
145
connections
0.2631575
link
2.10526
bias
0.421052
node
0.526315
enable
0.19
disable
0.38
step
0.095
done
3
26
1000000
-0.8982404544113431
51
1
108
1000002
0.4552753053227394
44
1
144
1000002
0.36139240717567667
15
1
0
0
1
-13.5
146
connections
0.2375
link
1.9
bias
0.421052
node
0.526315
enable
0.19
disable
0.421052
step
0.095
done
4
95
146
1.0
54
1
95
1000000
1.3689904727353066
53
0
146
1000000
1.3689904727353066
55
1
130
1000001
0.33945134036669167
52
1
0
0
1
-13.5
146
connections
0.2375
link
2.10526
bias
0.38
node
0.526315
enable
0.210526
disable
0.421052
step
0.095
done
5
119
146
1.0
58
1
119
1000001
-0.08054117878623934
56
1
146
1000001
-0.08054117878623934
17
1
55
1000002
0.8368466944991391
57
1
139
1000002
-0.7492486788802935
8
1
0
0
1
-13.5
146
connections
0.2631575
link
1.9
bias
0.38
node
0.526315
enable
0.210526
disable
0.421052
step
0.095
done
5
16
146
1.0
61
1
144
1000000
-0.8149848172454139
50
1
41
1000002
1.884305303559516
59
1
16
1000002
0.05986522710373654
60
0
146
1000002
0.05986522710373654
21
1
0
0
2
-13.5
146
connections
0.2631575
link
2.10526
bias
0.38
node
0.526315
enable
0.210526
disable
0.421052
step
0.105263
done
4
21
146
1.0
64
1
21
1000000
-0.7242417992130412
63
0
146
1000000
-0.7242417992130412
55
1
32
1000002
-1.9318517998618923
62
1
-13.5
146
connections
0.2631575
link
1.9
bias
0.38
node
0.475
enable
0.210526
disable
0.38
step
0.105263
done
3
21
146
1.0
64
1
21
1000000
0.7003073308776493
63
0
146
1000000
0.7003073308776493
55
1
0
0
1
-13.5
145
connections
0.2631575
link
1.9
bias
0.38
node
0.475
enable
0.19
disable
0.421052
step
0.095
done
1
96
1000000
-1.1564973995198566
65
1
0
0
1
-13.5
145
connections
0.2631575
link
1.9
bias
0.38
node
0.475
enable
0.19
disable
0.421052
step
0.095
done
2
35
1000002
-0.15860464284183973
66
1
17
1000002
-1.8467327822011836
67
0
0
0
1
-13.5
146
connections
0.2631575
link
1.9
bias
0.38
node
0.526315
enable
0.210526
disable
0.38
step
0.095
done
5
35
146
1.0
70
1
144
1000000
-1.2226270418482597
50
1
35
1000001
-1.501802299222129
68
0
146
1000001
-1.501802299222129
17
1
34
1000002
-1.6190160836624568
69
1
0
0
1
-13.5
145
connections
0.2375
link
1.9
bias
0.38
node
0.475
enable
0.210526
disable
0.38
step
0.095
done
3
103
1000000
0.9308804274684248
71
1
144
1000000
-0.03360669595544952
50
1
39
1000001
-0.7737519765568752
72
1
0
0
1
-13.5
146
connections
0.2631575
link
1.9
bias
0.421052
node
0.526315
enable
0.19
disable
0.421052
step
0.105263
done
4
132
146
1.0
75
1
132
1000000
-0.435932476820736
73
0
146
1000000
-0.435932476820736
55
1
105
1000001
-1.543347376814511
74
0
0
0
1
-13.5
145
connections
0.2375
link
2.10526
bias
0.38
node
0.475
enable
0.210526
disable
0.38
step
0.105263
done
2
130
1000000
-0.7916582796851093
77
1
26
1000002
-0.11459835360900028
76
1
0
0
1
-13.5
145
connections
0.2375
link
1.9
bias
0.421052
node
0.526315
enable
0.19
disable
0.38
step
0.105263
done
2
131
1000002
-0.7884993428671097
78
0
1000000
1000002
0.20773868514778604
79
1
0
0
1
-13.5
146
connections
0.2375
link
2.10526
bias
0.421052
node
0.526315
enable
0.210526
disable
0.38
step
0.095
done
6
58
146
1.0
82
1
114
1000000
0.945513860277547
81
1
74
1000001
1.0743662476995985
80
1
144
1000001
-1.8991618020137309
19
0
58
1000002
1.4538510565164477
13
0
146
1000002
1.4538510565164477
21
1
0
0
1
-13.5
146
connections
0.2375
link
2.10526
bias
0.38
node
0.475
enable
0.210526
disable
0.421052
step
0.105263
done
4
78
146
1.0
84
1
86
1000001
1.6670357759881465
83
1
78
1000002
0.3256546966150897
37
1
146
1000002
0.3256546966150897
21
1
0
0
1
-13.5
145
connections
0.2375
link
1.9
bias
0.421052
node
0.475
enable
0.210526
disable
0.421052
step
0.105263
done
2
1000001
1000000
-0.7261991365027525
86
1
48
1000001
-1.4408061467744053
85
1
0
0
1
-13.5
145
connections
0.2631575
link
2.10526
bias
0.421052
node
0.526315
enable
0.210526
disable
0.38
step
0.105263
done
3
11
1000000
-0.359362701453978
87
1
2
1000001
-0.29263068089303124
88
1
144
1000002
-0.18271401546940247
15
1
0
0
1
-184.5
145
connections
0.2375
link
1.9
bias
0.421052
node
0.526315
enable
0.19
disable
0.38
step
0.095
done
2
79
1000001
0.09108760688153295
89
1
69
1000002
-0.04328664668770488
90
0
0
0
1
-13.5
145
connections
0.2631575
link
2.10526
bias
0.421052
node
0.526315
enable
0.19
disable
0.421052
step
0.105263
done
3
35
1000001
1.3031915595699037
68
1
54
1000002
-1.6308378710243954
91
1
144
1000002
-0.5269594688186259
15
1
0
0
1
-13.5
146
connections
0.2375
link
1.9
bias
0.421052
node
0.526315
enable
0.19
disable
0.38
step
0.105263
done
4
80
146
1.0
94
1
10
1000002
1.0954967865402585
92
1
80
1000002
1.7820801870062941
93
0
146
1000002
1.7820801870062941
21
1
0
0
1
-13.5
146
connections
0.2375
link
2.10526
bias
0.421052
node
0.475
enable
0.210526
disable
0.421052
step
0.105263
done
5
105
146
1.0
97
1
51
1000000
1.1390175625921475
95
1
105
1000000
-0.544095150990842
96
1
144
1000000
-1.4728233248380014
50
0
146
1000000
-0.544095150990842
55
1
0
0
1
-13.5
145
connections
0.2375
link
2.10526
bias
0.421052
node
0.475
enable
0.210526
disable
0.38
step
0.095
done
2
20
1000000
1.4360782525812579
98
1
130
1000000
0.47930192706226293
77
1
0
0
1
-13.5
145
connections
0.2631575
link
2.10526
bias
0.38
node
0.475
enable
0.19
disable
0.421052
step
0.095
done
2
68
1000000
0.886945172342525
99
1
77
1000002
0.7946073831813192
100
0
0
0
1
-13.5
145
connections
0.2631575
link
1.9
bias
0.421052
node
0.475
enable
0.19
disable
0.38
step
0.105263
done
3
28
1000000
0.016620368501857108
101
0
144
1000000
-1.6871408342583627
50
1
8
1000001
-1.491751577283733
102
1
0
0
1
-13.5
145
connections
0.2375
link
2.10526
bias
0.38
node
0.475
enable
0.210526
disable
0.421052
step
0.095
done
2
141
1000000
1.5482437523726422
103
1
106
1000002
-0.9653048440553071
5
1
0
0
1
-13.5
145
connections
0.2631575
link
1.9
bias
0.38
node
0.475
enable
0.19
disable
0.38
step
0.105263
done
3
27
1000000
1.9849571787291573
35
1
144
1000001
-0.5892077314240862
19
1
99
1000002
-1.3149050047642108
104
1
0
0
1
-13.5
146
connections
0.2631575
link
2.10526
bias
0.38
node
0.526315
enable
0.19
disable
0.421052
step
0.095
done
4
65
146
1.0
107
1
65
1000000
-0.4839992491241607
105
0
146
1000000
-0.4839992491241607
55
0
0
1000001
-0.19119644327174656
106
1
0
0
1
-13.5
145
connections
0.2631575
link
1.9
bias
0.38
node
0.475
enable
0.210526
disable
0.38
step
0.095
done
2
142
1000000
-0.9812139466005503
108
1
59
1000000
1.1600163616185264
109
1
0
0
1
696.0
145
connections
0.2375
link
2.10526
bias
0.421052
node
0.475
enable
0.19
disable
0.38
step
0.095
done
2
52
1000000
1.8651708419546225
110
1
83
1000000
0.5009534604861501
111
1
0
0
1
-13.5
146
connections
0.2631575
link
2.10526
bias
0.38
node
0.526315
enable
0.19
disable
0.38
step
0.095
done
4
95
146
1.0
54
1
95
1000000
-1.7396175591256058
53
1
92
1000000
-0.26561177424294957
112
0
146
1000000
-1.7396175591256058
55
1
0
0
1
-13.5
145
connections
0.2375
link
2.10526
bias
0.38
node
0.475
enable
0.210526
disable
0.421052
step
0.095
done
2
103
1000000
-1.6987661829622032
71
1
109
1000001
0.8247003048918713
113
1
0
0
1
-25.5
146
connections
0.2375
link
2.10526
bias
0.421052
node
0.475
enable
0.19
disable
0.38
step
0.095
done
5
128
146
1.0
116
1
128
1000001
1.9845604554757519
114
0
18
1000001
-1.2480930024460344
115
1
146
1000001
1.9845604554757519
17
1
144
1000002
1.0559608675086976
15
1
0
0
1
-13.5
146
connections
0.2631575
link
2.10526
bias
0.421052
node
0.526315
enable
0.210526
disable
0.38
step
0.095
done
4
69
146
1.0
119
0
69
1000001
-1.4298166483914243
117
0
146
1000001
-1.4298166483914243
17
1
0
1000002
-0.47919645049883197
118
1
0
0
1
-13.5
145
connections
0.2375
link
2.10526
bias
0.421052
node
0.526315
enable
0.210526
disable
0.38
step
0.095
done
3
48
1000000
0.3295304619118995
120
1
111
1000000
0.753539225718364
121
1
144
1000000
-0.700996575913035
50
1
0
0
1
696.0
145
connections
0.2631575
link
2.10526
bias
0.38
node
0.526315
enable
0.19
disable
0.421052
step
0.095
done
3
2
1000000
-1.011678542314487
122
1
144
1000000
0.7910907900399997
50
1
18
1000001
0.2461212762717362
115
1
0
0
1
-13.5
146
connections
0.2375
link
2.10526
bias
0.38
node
0.475
enable
0.210526
disable
0.421052
step
0.105263
done
5
123
146
1.0
125
1
97
1000000
0.26950123871803866
123
1
123
1000001
1.7320235609942154
124
0
144
1000001
-1.4241282453462376
19
1
146
1000001
1.7320235609942154
17
1
0
0
1
-13.5
145
connections
0.2631575
link
1.9
bias
0.421052
node
0.526315
enable
0.210526
disable
0.38
step
0.095
done
3
127
1000002
0.2667446208249813
18
1
85
1000002
-1.787899304947413
126
0
144
1000002
-1.9794578922224715
15
1
0
0
1
-13.5
145
connections
0.2631575
link
2.10526
bias
0.38
node
0.475
enable
0.210526
disable
0.421052
step
0.105263
done
2
57
1000001
0.762150931467473
127
0
33
1000002
-1.230486385764654
128
1
0
0
1
-13.5
146
connections
0.2631575
link
1.9
bias
0.38
node
0.526315
enable
0.19
disable
0.421052
step
0.095
done
4
70
146
1.0
131
1
70
1000000
1.2231576321439541
129
0
64
1000000
-0.9913675692495576
130
0
146
1000000
1.2231576321439541
55
1
0
0
1
-13.5
145
connections
0.2631575
link
1.9
bias
0.38
node
0.475
enable
0.19
disable
0.38
step
0.095
done
3
44
1000002
0.8168715771752124
132
1
114
1000002
-0.5861375290363804
133
1
144
1000002
1.1922371776431016
15
0
0
0
1
-13.5
146
connections
0.2375
link
1.9
bias
0.38
node
0.475
enable
0.19
disable
0.38
step
0.095
done
5
124
146
1.0
136
1
124
1000000
1.8323401432158897
134
0
144
1000000
-0.07919889500683741
50
1
146
1000000
1.8323401432158897
55
1
111
1000002
-0.7860865124007552
135
1
0
0
1
-13.5
146
connections
0.2375
link
1.9
bias
0.421052
node
0.526315
enable
0.19
disable
0.38
step
0.095
done
5
144
146
1.0
139
0
53
1000000
-0.29211271532248784
138
1
144
1000000
-1.500088777630487
50
0
146
1000000
-1.500088777630487
55
1
116
1000001
1.436190742424004
137
1
0
0
1
-13.5
146
connections
0.2631575
link
1.9
bias
0.38
node
0.526315
enable
0.19
disable
0.38
step
0.095
done
4
124
146
1.0
136
1
124
1000000
-1.8006312420325488
134
0
146
1000000
-1.8006312420325488
55
1
25
1000002
-1.7845213632546746
140
1
0
0
1
-13.5
145
connections
0.2631575
link
1.9
bias
0.421052
node
0.526315
enable
0.19
disable
0.38
step
0.105263
done
2
55
1000000
1.2655930727330094
142
1
84
1000002
0.9669052492215005
141
1
0
0
1
-13.5
146
connections
0.2631575
link
2.10526
bias
0.38
node
0.475
enable
0.210526
disable
0.421052
step
0.105263
done
5
1000002
146
1.0
146
1
1000002
1000000
0.9932860194876199
143
0
5
1000000
-1.1162458089871037
144
1
146
1000000
0.9932860194876199
55
1
143
1000002
-1.8003060622732932
145
1
0
0
1
-13.5
145
connections
0.2631575
link
1.9
bias
0.421052
node
0.475
enable
0.19
disable
0.38
step
0.095
done
1
122
1000001
-1.517503967335779
147
0
0
0
1
-13.5
145
connections
0.2631575
link
2.10526
bias
0.421052
node
0.526315
enable
0.19
disable
0.38
step
0.095
done
2
12
1000000
-0.7814019762658901
148
0
130
1000001
1.4269089610123165
52
1
0
0
1
-13.5
146
connections
0.2375
link
2.10526
bias
0.421052
node
0.526315
enable
0.210526
disable
0.38
step
0.095
done
5
124
146
1.0
136
1
4
1000002
0.03716006257446969
149
1
124
1000002
-0.018901209886422965
150
0
144
1000002
1.0878963888303819
15
1
146
1000002
-0.018901209886422965
21
1
0
0
1
-13.5
145
connections
0.2375
link
2.10526
bias
0.38
node
0.475
enable
0.19
disable
0.38
step
0.095
done
2
14
1000000
-1.203182632425666
151
1
10
1000001
0.16069600455438815
152
1
0
0
1
-13.5
145
connections
0.2375
link
2.10526
bias
0.421052
node
0.475
enable
0.19
disable
0.421052
step
0.095
done
2
31
1000000
1.1120168992976138
153
1
5
1000001
-0.24683182561649009
154
1
0
0
1
-13.5
146
connections
0.2375
link
1.9
bias
0.38
node
0.475
enable
0.210526
disable
0.38
step
0.105263
done
4
23
146
1.0
156
1
23
1000001
0.16135957988909944
155
0
35
1000001
0.38818867290456316
68
1
146
1000001
0.16135957988909944
17
1
0
0
1
-13.5
145
connections
0.2631575
link
2.10526
bias
0.421052
node
0.475
enable
0.19
disable
0.38
step
0.095
done
2
103
1000000
-0.30143838779435983
71
1
38
1000002
-0.3875726717317831
157
1
0
0
1
-13.5
146
connections
0.2631575
link
1.9
bias
0.38
node
0.526315
enable
0.19
disable
0.38
step
0.105263
done
4
73
146
1.0
28
1
142
1000000
1.546974681531831
108
1
73
1000001
-1.9484361313499674
158
0
146
1000001
-1.9484361313499674
17
0
0
0
1
-13.5
145
connections
0.2631575
link
1.9
bias
0.421052
node
0.475
enable
0.19
disable
0.38
step
0.095
done
2
92
1000000
-1.5981908737284964
112
1
85
1000002
1.2363220108607922
126
1
0
0
1
-184.5
145
connections
0.2631575
link
2.10526
bias
0.38
node
0.475
enable
0.19
disable
0.38
step
0.095
done
3
7
1000000
1.754910920341763
160
0
12
1000001
0.7036533164542429
159
1
144
1000001
1.2494180862453974
19
1
0
0
1
-13.5
145
connections
0.2375
link
2.10526
bias
0.38
node
0.526315
enable
0.210526
disable
0.38
step
0.105263
done
2
71
1000000
-1.5677845286940784
161
1
108
1000002
1.941775774846036
44
1
0
0
1
-13.5
145
connections
0.2631575
link
2.10526
bias
0.38
node
0.475
enable
0.210526
disable
0.421052
step
0.095
done
3
48
1000001
0.5765051303189259
85
1
144
1000001
-1.519041282220797
19
1
120
1000002
0.22620147420919068
162
1
0
0
1
-13.5
146
connections
0.2631575
link
2.10526
bias
0.38
node
0.526315
enable
0.210526
disable
0.38
step
0.105263
done
5
8
146
1.0
166
0
28
1000001
0.28972018154707024
165
1
51
1000002
-1.598922388274885
163
1
8
1000002
-0.5479766076323624
164
0
146
1000002
-0.5479766076323624
21
1
0
0
1
-13.5
145
connections
0.2375
link
1.9
bias
0.421052
node
0.526315
enable
0.210526
disable
0.421052
step
0.105263
done
2
89
1000001
0.0904818916353678
167
1
105
1000002
0.8066227818062539
168
1
0
0
1
-13.5
145
connections
0.2375
link
1.9
bias
0.38
node
0.526315
enable
0.19
disable
0.38
step
0.105263
done
2
1000000
1000002
1.0863531830565245
79
1
42
1000002
-1.6023495117410973
169
1
0
0
1
-193.0
145
connections
0.2375
link
1.9
bias
0.38
node
0.526315
enable
0.210526
disable
0.421052
step
0.105263
done
2
115
1000000
0.532231567399005
170
1
144
1000002
0.12389953103272822
15
1
0
0
1
-13.5
145
connections
0.2631575
link
1.9
bias
0.38
node
0.475
enable
0.210526
disable
0.421052
step
0.105263
done
2
60
1000001
1.3029628992702542
171
1
138
1000002
0.5039731818081656
172
1
0
0
1
-13.5
146
connections
0.2375
link
1.9
bias
0.38
node
0.475
enable
0.19
disable
0.38
step
0.105263
done
4
133
146
1.0
175
1
133
1000000
-0.4248643189492909
173
0
146
1000000
-0.4248643189492909
55
1
64
1000001
1.1584961882797287
174
1
0
0
1
-13.5
146
connections
0.2631575
link
1.9
bias
0.38
node
0.475
enable
0.210526
disable
0.38
step
0.095
done
5
144
146
1.0
139
1
119
1000001
-0.2619750722921652
56
1
117
1000001
-0.4000658956238885
176
1
144
1000001
-1.573349941249893
19
0
146
1000001
-1.573349941249893
17
1
0
0
1
-13.5
145
connections
0.2375
link
2.10526
bias
0.38
node
0.526315
enable
0.210526
disable
0.421052
step
0.095
done
3
141
1000001
-1.1918351500241808
177
0
144
1000001
-0.5508014457925192
19
1
133
1000002
0.701064079586105
178
1
0
0
1
-13.5
146
connections
0.2631575
link
2.10526
bias
0.421052
node
0.475
enable
0.19
disable
0.38
step
0.095
done
4
125
146
1.0
180
1
125
1000001
1.2031446467678317
179
0
8
1000001
-1.261299679351727
102
1
146
1000001
1.2031446467678317
17
0
0
0
1
-13.5
145
connections
0.2631575
link
2.10526
bias
0.421052
node
0.526315
enable
0.210526
disable
0.421052
step
0.095
done
2
119
1000001
1.239853683734124
56
1
16
1000002
-1.7249701141566218
60
1
0
0
1
-13.5
146
connections
0.2375
link
1.9
bias
0.421052
node
0.475
enable
0.210526
disable
0.38
step
0.095
done
4
14
146
1.0
183
1
14
1000002
0.08161267093707769
181
0
40
1000002
-1.6762844351003934
182
1
146
1000002
0.08161267093707769
21
0
0
0
1
-13.5
145
connections
0.2375
link
2.10526
bias
0.421052
node
0.475
enable
0.210526
disable
0.38
step
0.105263
done
2
93
1000000
1.923886125785923
184
1
69
1000001
1.7054093738653768
117
1
0
0
1
-13.5
146
connections
0.2375
link
1.9
bias
0.421052
node
0.526315
enable
0.210526
disable
0.38
step
0.105263
done
4
122
146
1.0
186
1
142
1000000
1.434060449914298
108
1
122
1000000
-1.531052648996317
185
0
146
1000000
-1.531052648996317
55
1
0
0
1
-13.5
145
connections
0.2631575
link
2.10526
bias
0.38
node
0.526315
enable
0.210526
disable
0.38
step
0.095
done
3
106
1000001
1.7127282804778612
48
1
69
1000002
-0.22936055361128638
90
1
144
1000002
-0.27891851356580943
15
1
0
0
1
-13.5
146
connections
0.2375
link
1.9
bias
0.421052
node
0.526315
enable
0.19
disable
0.38
step
0.095
done
5
144
146
1.0
139
1
144
1000000
-1.336472198888416
50
1
146
1000000
-1.336472198888416
55
1
108
1000002
1.8233970764235763
44
1
41
1000002
0.03509823216836283
59
1
0
0
1
-13.5
145
connections
0.2375
link
1.9
bias
0.421052
node
0.475
enable
0.210526
disable
0.38
step
0.105263
done
3
102
1000001
-1.098975004156118
188
1
144
1000001
-0.11050336263091332
19
1
2
1000002
1.0377401433098674
187
1
0
0
1
-13.5
146
connections
0.2631575
link
1.9
bias
0.38
node
0.475
enable
0.19
disable
0.421052
step
0.095
done
4
66
146
1.0
190
1
66
1000000
-1.3555801011522086
189
0
146
1000000
-1.3555801011522086
55
1
14
1000002
1.7688464954809682
181
1
0
0
1
696.0
145
connections
0.2375
link
2.10526
bias
0.38
node
0.475
enable
0.210526
disable
0.421052
step
0.105263
done
3
144
1000000
1.074807468939257
50
1
94
1000001
-0.7034957483673772
43
1
108
1000002
0.4217982723652707
44
1
0
0
1
-13.5
146
connections
0.2375
link
2.10526
bias
0.38
node
0.475
enable
0.210526
disable
0.421052
step
0.105263
done
4
133
146
1.0
175
1
133
1000000
1.4541756599475204
173
1
146
1000000
1.4541756599475204
55
1
1000001
1000001
0.4980799023656699
191
1
0
0
1
-13.5
146
connections
0.2631575
link
2.10526
bias
0.421052
node
0.526315
enable
0.19
disable
0.38
step
0.095
done
4
70
146
1.0
131
1
70
1000001
0.15507307549049054
193
1
146
1000001
0.15507307549049054
17
1
126
1000002
-0.08776251354932363
192
1
0
0
1
-13.5
145
connections
0.2631575
link
2.10526
bias
0.421052
node
0.526315
enable
0.19
disable
0.38
step
0.095
done
2
55
1000000
1.2667851129109966
142
1
105
1000001
-0.3918640896150687
74
1
0
0
1
-13.5
145
connections
0.2375
link
2.10526
bias
0.38
node
0.475
enable
0.19
disable
0.38
step
0.095
done
3
121
1000001
-0.8605527984123307
34
0
131
1000002
-1.1477996499606324
78
1
31
1000002
-1.4939973873362602
194
1
0
0
1
-13.5
145
connections
0.2375
link
2.10526
bias
0.38
node
0.475
enable
0.210526
disable
0.421052
step
0.095
done
2
15
1000002
-1.951919091818496
195
1
47
1000002
-1.8707799750608864
196
1
0
0
1
-13.5
146
connections
0.2631575
link
1.9
bias
0.421052
node
0.526315
enable
0.210526
disable
0.38
step
0.105263
done
4
61
146
1.0
199
1
61
1000001
0.6020543352628169
198
0
146
1000001
0.6020543352628169
17
1
112
1000002
0.5860939732853225
197
1
0
0
1
-13.5
145
connections
0.2631575
link
2.10526
bias
0.421052
node
0.526315
enable
0.19
disable
0.421052
step
0.095
done
2
57
1000001
1.9065180925808685
127
1
119
1000002
1.0165481278876953
200
1
0
0
1
-13.5
146
connections
0.2375
link
2.10526
bias
0.421052
node
0.475
enable
0.19
disable
0.38
step
0.105263
done
4
1000002
146
1.0
146
0
1000002
1000000
-0.898496505127413
143
0
76
1000000
-1.4499274798473807
201
1
146
1000000
-0.898496505127413
55
1
0
0
1
-13.5
145
connections
0.2375
link
2.10526
bias
0.421052
node
0.475
enable
0.19
disable
0.421052
step
0.105263
done
3
144
1000000
-0.991570287933321
50
1
74
1000001
1.227535988127881
80
1
18
1000001
0.06628140879202737
115
1
0
0
1
-13.5
146
connections
0.2631575
link
1.9
bias
0.38
node
0.475
enable
0.210526
disable
0.421052
step
0.105263
done
4
98
146
1.0
204
1
30
1000001
0.6962015037613152
202
0
98
1000002
-0.8614150288086488
203
0
146
1000002
-0.8614150288086488
21
1
0
0
1
-13.5
145
connections
0.2375
link
2.10526
bias
0.38
node
0.475
enable
0.210526
disable
0.421052
step
0.105263
done
2
33
1000002
-0.13798118928013725
128
0
8
1000002
-1.1200592886466438
164
1
0
0
1
696.0
146
connections
0.2631575
link
2.10526
bias
0.421052
node
0.526315
enable
0.210526
disable
0.38
step
0.105263
done
5
144
146
1.0
139
1
77
1000000
-0.722749344426461
205
1
144
1000000
1.1157138037656895
50
1
146
1000000
1.1157138037656895
55
1
14
1000002
-1.3244764478145479
181
1
0
0
1
-13.5
145
connections
0.2631575
link
1.9
bias
0.38
node
0.475
enable
0.210526
disable
0.38
step
0.105263
done
2
125
1000000
-0.33564771367225177
206
1
108
1000002
1.0816787942417996
44
0
0
0
1
-13.5
146
connections
0.2375
link
1.9
bias
0.38
node
0.526315
enable
0.210526
disable
0.421052
step
0.095
done
4
90
146
1.0
209
1
62
1000002
-0.01381628011423608
207
1
90
1000002
0.9549554117703476
208
0
146
1000002
0.9549554117703476
21
1
0
0
1
-13.5
145
connections
0.2631575
link
2.10526
bias
0.421052
node
0.526315
enable
0.19
disable
0.38
step
0.105263
done
3
106
1000002
-1.2235512079873927
5
0
86
1000002
-1.5562768109892682
210
1
144
1000002
0.6019523973950891
15
1
0
0
1
-13.5
146
connections
0.2375
link
2.10526
bias
0.421052
node
0.475
enable
0.19
disable
0.38
step
0.105263
done
4
1
146
1.0
211
1
1
1000001
-1.8350073653414762
7
0
146
1000001
-1.8350073653414762
17
1
86
1000002
1.9757695410909304
210
1
0
0
1
-13.5
145
connections
0.2631575
link
2.10526
bias
0.38
node
0.475
enable
0.210526
disable
0.38
step
0.105263
done
3
95
1000000
0.6050286407774745
53
1
1000000
1000002
-1.915964516624458
79
1
144
1000002
-1.635195458459488
15
0
0
0
1
-13.5
145
connections
0.2631575
link
1.9
bias
0.38
node
0.475
enable
0.19
disable
0.421052
step
0.105263
done
2
53
1000000
-0.5395663565995688
138
1
71
1000002
-0.9207952279199829
212
0
0
0
1
-13.5
145
connections
0.2631575
link
2.10526
bias
0.38
node
0.526315
enable
0.210526
disable
0.421052
step
0.105263
done
3
31
1000001
-1.0342610485635673
29
1
3
1000002
1.471812684377682
213
1
124
1000002
1.0543618810011797
150
0
0
0
1
-13.5
145
connections
0.2631575
link
1.9
bias
0.421052
node
0.526315
enable
0.19
disable
0.421052
step
0.095
done
3
43
1000000
0.870986673486259
215
1
39
1000002
-1.1602039208058623
214
0
144
1000002
-1.8730573939658046
15
1
0
0
1
-13.5
146
connections
0.2375
link
1.9
bias
0.421052
node
0.475
enable
0.19
disable
0.421052
step
0.105263
done
5
26
146
1.0
216
0
26
1000000
1.2456469470816747
51
0
146
1000000
1.2456469470816747
55
1
69
1000001
-1.9384610611556923
117
1
144
1000002
0.31973335222849375
15
1
0
0
1
-13.5
146
connections
0.2631575
link
1.9
bias
0.421052
node
0.526315
enable
0.19
disable
0.38
step
0.095
done
5
50
146
1.0
219
1
50
1000000
-0.2838108576016869
217
0
146
1000000
-0.2838108576016869
55
1
144
1000001
-1.4232261933550054
19
1
134
1000002
0.327749937150986
218
1
0
0
1
-13.5
146
connections
0.2375
link
2.10526
bias
0.421052
node
0.526315
enable
0.210526
disable
0.421052
step
0.105263
done
4
47
146
1.0
221
1
47
1000000
-1.8562111856249683
220
0
64
1000000
-1.3108568210925164
130
0
146
1000000
-1.8562111856249683
55
1
0
0
1
-13.5
146
connections
0.2631575
link
2.10526
bias
0.38
node
0.526315
enable
0.19
disable
0.421052
step
0.095
done
4
51
146
1.0
223
0
25
1000000
0.8175435240611351
222
1
51
1000002
0.24843119506754352
163
1
146
1000002
0.24843119506754352
21
1
0
0
1
692.5
146
connections
0.2631575
link
2.10526
bias
0.38
node
0.475
enable
0.19
disable
0.38
step
0.105263
done
5
144
146
1.0
139
1
144
1000000
0.7549118901352818
50
0
146
1000000
0.7549118901352818
55
1
26
1000001
-0.19740027210306632
224
0
1000001
1000002
-0.1340911109067906
24
1
0
0
1
-13.5
145
connections
0.2375
link
1.9
bias
0.38
node
0.475
enable
0.210526
disable
0.421052
step
0.105263
done
3
29
1000000
-0.20431350672833215
226
0
144
1000001
-0.9874797522407013
19
1
128
1000002
-0.7108259561141663
225
1
0
0
1
-13.5
145
connections
0.2375
link
1.9
bias
0.38
node
0.526315
enable
0.210526
disable
0.38
step
0.095
done
2
70
1000001
-1.7073364489871574
193
1
92
1000002
1.314867357225972
227
1
0
0
1
-13.5
145
connections
0.2375
link
2.10526
bias
0.421052
node
0.475
enable
0.210526
disable
0.421052
step
0.095
done
3
122
1000000
1.5792686807877145
185
1
96
1000001
-0.8644341995109994
228
1
120
1000002
1.3651914103262537
162
1
0
0
1
-13.5
146
connections
0.2375
link
1.9
bias
0.421052
node
0.475
enable
0.19
disable
0.38
step
0.095
done
3
109
146
1.0
229
0
109
1000001
1.8638184741270387
113
1
146
1000001
1.8638184741270387
17
1
0
0
1
-13.5
145
connections
0.2631575
link
2.10526
bias
0.421052
node
0.475
enable
0.19
disable
0.421052
step
0.095
done
3
22
1000000
0.9853269704421974
231
1
80
1000001
-0.8642850448959991
230
1
144
1000002
1.942391404288577
15
1
0
0
1
-13.5
146
connections
0.2631575
link
1.9
bias
0.38
node
0.526315
enable
0.210526
disable
0.38
step
0.095
done
4
98
146
1.0
204
1
29
1000000
-0.4024219682427064
226
1
98
1000002
-1.0717183988725179
203
0
146
1000002
-1.0717183988725179
21
1
0
0
1
-13.5
146
connections
0.2375
link
1.9
bias
0.421052
node
0.475
enable
0.210526
disable
0.38
step
0.105263
done
5
144
146
1.0
139
1
112
1000000
1.838518867608769
232
1
113
1000000
-0.14522311428525825
233
1
144
1000001
-1.4742122569268559
19
1
146
1000001
-1.4742122569268559
17
1
0
0
1
-13.5
145
connections
0.2375
link
1.9
bias
0.38
node
0.475
enable
0.210526
disable
0.38
step
0.095
done
2
84
1000001
-0.496527831486389
234
0
69
1000002
0.6127441922009669
90
1
0
0
1
-13.5
145
connections
0.2375
link
1.9
bias
0.421052
node
0.526315
enable
0.210526
disable
0.421052
step
0.095
done
2
1000002
1000002
-1.1731840360550745
235
1
104
1000002
0.11529179776657195
236
1
0
0
1
-13.5
146
connections
0.2375
link
1.9
bias
0.421052
node
0.475
enable
0.210526
disable
0.421052
step
0.105263
done
3
26
146
1.0
216
1
26
1000001
0.4464046428960473
224
0
146
1000001
0.4464046428960473
17
1
0
0
1
-184.5
145
connections
0.2631575
link
2.10526
bias
0.38
node
0.526315
enable
0.210526
disable
0.38
step
0.095
done
3
81
1000001
0.3583041182202247
239
1
101
1000002
0.48097570183133653
237
1
109
1000002
1.8801664079920384
238
1
0
0
1
-13.5
145
connections
0.2631575
link
1.9
bias
0.421052
node
0.475
enable
0.210526
disable
0.421052
step
0.105263
done
2
124
1000000
1.12764677143109
134
0
40
1000002
-0.5433773849452352
182
1
0
0
1
-13.5
146
connections
0.2375
link
2.10526
bias
0.38
node
0.475
enable
0.210526
disable
0.421052
step
0.105263
done
5
8
146
1.0
166
1
8
1000000
-1.717230382964801
240
0
146
1000000
-1.717230382964801
55
1
20
1000001
-1.4426681584898424
241
1
144
1000001
-0.12005465302359308
19
1
0
0
1
-13.5
146
connections
0.2631575
link
2.10526
bias
0.421052
node
0.475
enable
0.19
disable
0.38
step
0.105263
done
4
12
146
1.0
244
0
69
1000000
-0.6562552230151177
243
1
12
1000002
-0.016418592724866343
242
0
146
1000002
-0.016418592724866343
21
1
0
0
1
-13.5
146
connections
0.2375
link
1.9
bias
0.421052
node
0.526315
enable
0.19
disable
0.38
step
0.095
done
3
91
146
1.0
246
1
91
1000001
0.47875802622476105
245
1
146
1000001
0.47875802622476105
17
1
0
0
1
-184.5
145
connections
0.2375
link
1.9
bias
0.38
node
0.526315
enable
0.19
disable
0.38
step
0.105263
done
2
138
1000001
0.07865965448357626
247
1
144
1000001
1.4490697863281734
19
1
0
0
1
-13.5
145
connections
0.2375
link
1.9
bias
0.38
node
0.475
enable
0.19
disable
0.421052
step
0.105263
done
2
89
1000000
-0.1908153692314296
248
1
116
1000001
0.39286876942601623
137
0
0
0
1
-13.5
146
connections
0.2375
link
1.9
bias
0.421052
node
0.526315
enable
0.210526
disable
0.421052
step
0.095
done
3
60
146
1.0
249
1
60
1000000
1.8935176829633003
11
0
146
1000000
1.8935176829633003
55
1
0
0
1
-13.5
146
connections
0.2631575
link
1.9
bias
0.421052
node
0.526315
enable
0.19
disable
0.421052
step
0.105263
done
4
49
146
1.0
252
1
136
1000001
1.8484010339227401
250
1
49
1000002
0.029157646839477636
251
0
146
1000002
0.029157646839477636
21
1
0
0
1
-13.5
145
connections
0.2375
link
2.10526
bias
0.38
node
0.526315
enable
0.210526
disable
0.38
step
0.105263
done
2
60
1000000
-0.2807018915803523
11
1
137
1000002
-1.8256194517536635
253
1
0
0
1
-13.5
145
connections
0.2375
link
1.9
bias
0.38
node
0.526315
enable
0.210526
disable
0.38
step
0.105263
done
2
99
1000001
1.753213178175196
254
1
142
1000001
1.6364316814696678
255
1
0
0
1
-13.5
146
connections
0.2631575
link
2.10526
bias
0.421052
node
0.475
enable
0.210526
disable
0.38
step
0.105263
done
4
53
146
1.0
257
1
53
1000001
1.5529879778761515
256
0
146
1000001
1.5529879778761515
17
1
3
1000002
-0.30141352372290386
213
1
0
0
1
-13.5
145
connections
0.2375
link
1.9
bias
0.421052
node
0.475
enable
0.210526
disable
0.421052
step
0.105263
done
3
71
1000001
-1.813660128560838
258
1
10
1000002
1.7532405407049803
92
1
144
1000002
-0.14158458267755147
15
1
0
0
1
696.0
145
connections
0.2631575
link
1.9
bias
0.421052
node
0.475
enable
0.210526
disable
0.421052
step
0.095
done
2
75
1000000
1.3080580092115492
259
1
15
1000002
1.3007975046926679
195
0
0
0
1
-13.5
146
connections
0.2631575
link
1.9
bias
0.421052
node
0.526315
enable
0.19
disable
0.421052
step
0.095
done
4
95
146
1.0
54
1
95
1000000
-0.6215168819834078
53
0
122
1000000
-1.1042252217503319
185
1
146
1000000
-0.6215168819834078
55
1
0
0
1
-13.5
145
connections
0.2631575
link
2.10526
bias
0.38
node
0.526315
enable
0.210526
disable
0.38
step
0.095
done
2
10
1000002
-0.2944216130987498
92
1
8
1000002
-1.025129357426053
164
1
0
0
1
-13.5
146
connections
0.2375
link
1.9
bias
0.38
node
0.526315
enable
0.19
disable
0.38
step
0.105263
done
4
69
146
1.0
119
1
111
1000000
-1.3125254710857983
121
0
69
1000002
1.191859461208555
90
0
146
1000002
1.191859461208555
21
1
0
0
1
-13.5
146
connections
0.2375
link
1.9
bias
0.421052
node
0.526315
enable
0.210526
disable
0.421052
step
0.095
done
4
112
146
1.0
262
1
1000000
1000000
-1.7141121674710016
261
1
112
1000001
-1.5801071687247044
260
1
146
1000001
-1.5801071687247044
17
1
0
0
1
-13.5
146
connections
0.2631575
link
1.9
bias
0.421052
node
0.475
enable
0.19
disable
0.421052
step
0.105263
done
5
63
146
1.0
265
1
63
1000001
0.9583992324178823
263
0
36
1000001
-0.9986415718510631
264
1
146
1000001
0.9583992324178823
17
0
144
1000002
-1.159823272330733
15
1
0
0
1
-13.5
145
connections
0.2631575
link
2.10526
bias
0.38
node
0.475
enable
0.19
disable
0.421052
step
0.095
done
3
91
1000000
0.734277704063917
266
1
144
1000000
-0.8296710574108843
50
0
139
1000001
1.803764895369138
267
1
0
0
1
-13.5
145
connections
0.2375
link
2.10526
bias
0.421052
node
0.475
enable
0.19
disable
0.421052
step
0.105263
done
3
144
1000000
-1.6213513344353627
50
1
85
1000002
1.384439452369734
126
1
40
1000002
-0.14744794068494338
182
1
0
0
1
-13.5
145
connections
0.2631575
link
2.10526
bias
0.38
node
0.526315
enable
0.210526
disable
0.421052
step
0.105263
done
2
86
1000000
1.2827829805713802
268
1
142
1000001
0.9477498147997432
255
1
0
0
1
-13.5
146
connections
0.2631575
link
1.9
bias
0.421052
node
0.526315
enable
0.210526
disable
0.38
step
0.105263
done
3
92
146
1.0
270
1
92
1000001
1.219790188440642
269
0
146
1000001
1.219790188440642
17
0
0
0
1
-13.5
145
connections
0.2631575
link
1.9
bias
0.421052
node
0.526315
enable
0.19
disable
0.421052
step
0.095
done
2
109
1000000
1.231066325255917
271
1
83
1000002
-1.646241280480297
272
1
0
0
1
-184.5
145
connections
0.2375
link
2.10526
bias
0.38
node
0.475
enable
0.210526
disable
0.38
step
0.095
done
3
144
1000001
0.16948842134082032
19
1
123
1000002
-1.5386933602759765
273
1
55
1000002
0.7054201146456345
57
1
0
0
1
-13.5
146
connections
0.2375
link
2.10526
bias
0.421052
node
0.475
enable
0.210526
disable
0.421052
step
0.095
done
4
61
146
1.0
199
1
61
1000000
-0.42741338184016753
275
0
146
1000000
-0.42741338184016753
55
1
96
1000002
1.5799334969205105
274
1
0
0
1
-13.5
146
connections
0.2375
link
2.10526
bias
0.421052
node
0.526315
enable
0.19
disable
0.421052
step
0.105263
done
4
51
146
1.0
223
0
51
1000000
-1.682415165439635
95
0
146
1000000
-1.682415165439635
55
1
5
1000002
-1.186307596738449
276
1
0
0
1
-13.5
145
connections
0.2375
link
1.9
bias
0.421052
node
0.475
enable
0.210526
disable
0.38
step
0.095
done
1
85
1000002
0.21009506511194065
126
0
0
0
1
692.5
146
connections
0.2375
link
2.10526
bias
0.421052
node
0.475
enable
0.19
disable
0.38
step
0.095
done
5
144
146
1.0
139
1
144
1000000
1.8762436844551273
50
0
146
1000000
1.8762436844551273
55
1
42
1000001
1.850523506977673
277
1
84
1000002
0.7480471803148965
141
1
0
0
1
-13.5
146
connections
0.2375
link
2.10526
bias
0.421052
node
0.475
enable
0.210526
disable
0.38
step
0.095
done
4
34
146
1.0
279
1
34
1000001
-0.8435933002170484
278
1
122
1000001
0.18554833325294373
147
1
146
1000001
-0.8435933002170484
17
1
0
0
1
-13.5
145
connections
0.2631575
link
2.10526
bias
0.38
node
0.526315
enable
0.210526
disable
0.38
step
0.095
done
3
64
1000000
-0.6489532751594158
130
1
19
1000001
0.27426340133922
280
1
144
1000002
-1.6116804915550116
15
1
0
0
1
-184.5
145
connections
0.2631575
link
2.10526
bias
0.421052
node
0.526315
enable
0.210526
disable
0.38
step
0.105263
done
3
3
1000000
0.8701703994757444
281
1
144
1000001
1.144517598991626
19
1
16
1000002
1.137804425788865
60
1
0
0
1
-28.5
145
connections
0.2375
link
2.10526
bias
0.38
node
0.526315
enable
0.19
disable
0.38
step
0.105263
done
3
64
1000000
0.5493241227531045
130
1
81
1000001
1.1196103944208113
239
1
144
1000002
0.14974615208310116
15
1
0
0
1
-13.5
145
connections
0.2375
link
1.9
bias
0.38
node
0.475
enable
0.210526
disable
0.421052
step
0.095
done
2
131
1000001
0.41537005718229425
282
1
100
1000001
-0.31910027557253917
283
1
0
0
1
-13.5
145
connections
0.2631575
link
2.10526
bias
0.421052
node
0.526315
enable
0.19
disable
0.38
step
0.095
done
2
89
1000000
0.8404396564643868
248
0
73
1000002
-0.5840207219050373
26
1
0
0
1
-13.5
145
connections
0.2375
link
2.10526
bias
0.421052
node
0.475
enable
0.19
disable
0.38
step
0.095
done
3
30
1000000
0.3610775679193665
285
1
103
1000002
-0.8997315170416549
284
1
144
1000002
-1.9684025981021902
15
1
0
0
1
-13.5
145
connections
0.2631575
link
1.9
bias
0.421052
node
0.526315
enable
0.19
disable
0.38
step
0.105263
done
3
33
1000000
-1.8595951104166955
286
1
134
1000000
-0.21724509965374983
22
1
144
1000002
0.28259613981860365
15
1
0
0
1
-13.5
146
connections
0.2631575
link
2.10526
bias
0.38
node
0.475
enable
0.210526
disable
0.38
step
0.105263
done
4
137
146
1.0
288
1
107
1000000
0.4321070531417659
287
1
137
1000002
1.4905892541953185
253
0
146
1000002
1.4905892541953185
21
1
0
0
1
-13.5
145
connections
0.2631575
link
2.10526
bias
0.38
node
0.475
enable
0.210526
disable
0.421052
step
0.105263
done
3
144
1000000
-1.7721904517770208
50
1
45
1000001
1.337645304679906
289
1
41
1000001
-0.4015260261803588
290
0
0
0
1
-13.5
145
connections
0.2375
link
1.9
bias
0.38
node
0.475
enable
0.19
disable
0.38
step
0.095
done
3
25
1000000
1.073296520223915
222
1
0
1000002
-0.7554430364737583
118
1
144
1000002
-1.2281911465147495
15
1
0
0
1
-13.5
145
connections
0.2631575
link
2.10526
bias
0.421052
node
0.475
enable
0.210526
disable
0.421052
step
0.105263
done
3
23
1000001
1.3876177557763585
155
1
144
1000001
-1.2020160918783627
19
1
20
1000002
-0.31022627300723826
291
0
0
0
1
-13.5
146
connections
0.2375
link
2.10526
bias
0.421052
node
0.475
enable
0.19
disable
0.38
step
0.105263
done
4
40
146
1.0
293
1
129
1000000
0.4311742484343122
292
1
40
1000002
0.6918506623775693
182
0
146
1000002
0.6918506623775693
21
1
0
0
1
-13.5
145
connections
0.2375
link
2.10526
bias
0.38
node
0.526315
enable
0.210526
disable
0.38
step
0.105263
done
3
24
1000000
-0.6280341777324439
294
1
103
1000001
-0.27784620540297
295
1
144
1000001
-1.1493953937663726
19
0
0
0
1
-13.5
146
connections
0.2631575
link
2.10526
bias
0.421052
node
0.526315
enable
0.19
disable
0.38
step
0.105263
done
4
41
146
1.0
296
1
34
1000001
-0.49155644695293077
278
0
41
1000001
-1.8766943198340815
290
0
146
1000001
-1.8766943198340815
17
1
0
0
1
-13.5
145
connections
0.2375
link
2.10526
bias
0.421052
node
0.526315
enable
0.210526
disable
0.421052
step
0.095
done
2
36
1000001
-1.5908873553859277
264
1
79
1000001
-0.2851870643787433
89
1
0
0
1
-13.5
146
connections
0.2375
link
1.9
bias
0.421052
node
0.475
enable
0.19
disable
0.421052
step
0.105263
done
5
7
146
1.0
298
1
89
1000000
1.7620343330434887
248
0
144
1000000
-0.6909935908071185
50
1
7
1000001
1.2027553904512311
297
0
146
1000001
1.2027553904512311
17
1
0
0
1
-13.5
146
connections
0.2631575
link
1.9
bias
0.38
node
0.526315
enable
0.19
disable
0.38
step
0.105263
done
5
144
146
1.0
139
1
90
1000000
-0.4056955657643786
299
1
125
1000000
1.884679579266849
206
1
144
1000002
-0.616690498515144
15
0
146
1000002
-0.616690498515144
21
1
0
0
1
-13.5
146
connections
0.2631575
link
2.10526
bias
0.38
node
0.475
enable
0.210526
disable
0.38
step
0.105263
done
4
73
146
1.0
28
1
73
1000000
-1.8514990659894006
300
0
146
1000000
-1.8514990659894006
55
1
93
1000001
-0.2803748961561574
14
1
0
0
1
-13.5
145
connections
0.2631575
link
2.10526
bias
0.421052
node
0.526315
enable
0.19
disable
0.421052
step
0.095
done
2
30
1000001
-0.1239601559281307
202
1
67
1000001
0.4647712128378738
301
0
0
0
1
-13.5
146
connections
0.2375
link
1.9
bias
0.38
node
0.475
enable
0.210526
disable
0.38
step
0.095
done
3
52
146
1.0
302
0
52
1000000
1.1086306031957962
110
0
146
1000000
1.1086306031957962
55
1
0
0
1
-13.5
146
connections
0.2375
link
1.9
bias
0.38
node
0.526315
enable
0.19
disable
0.38
step
0.095
done
5
127
146
1.0
20
1
108
1000001
1.1844612388709033
303
1
127
1000002
-1.7493751337764025
18
0
144
1000002
-0.5069404119044596
15
1
146
1000002
-1.7493751337764025
21
1
0
0
1
-13.5
145
connections
0.2375
link
2.10526
bias
0.421052
node
0.475
enable
0.210526
disable
0.421052
step
0.095
done
3
74
1000000
-0.7673194167601878
305
1
25
1000000
-0.7675722506774472
222
1
21
1000002
1.5709676334011204
304
0
0
0
1
-13.5
146
connections
0.2375
link
2.10526
bias
0.421052
node
0.526315
enable
0.210526
disable
0.38
step
0.095
done
4
96
146
1.0
306
1
96
1000001
-1.9640754556435613
228
0
146
1000001
-1.9640754556435613
17
1
139
1000002
1.9188052305092254
8
0
0
0
1
-184.5
145
connections
0.2631575
link
2.10526
bias
0.38
node
0.526315
enable
0.19
disable
0.421052
step
0.105263
done
3
115
1000000
-1.804096436619412
170
1
73
1000001
-0.871166319457612
158
1
144
1000001
1.0551949248191055
19
1
0
0
1
-13.5
145
connections
0.2631575
link
1.9
bias
0.421052
node
0.475
enable
0.19
disable
0.38
step
0.105263
done
3
106
1000001
-1.0632224113563722
48
1
12
1000002
-0.801784550883466
242
1
144
1000002
0.3207758924838058
15
1
0
0
1
-13.5
145
connections
0.2631575
link
2.10526
bias
0.421052
node
0.526315
enable
0.210526
disable
0.38
step
0.105263
done
2
95
1000000
0.5023205594109839
53
1
6
1000002
0.08822353058709487
307
1
0
0
1
-13.5
145
connections
0.2631575
link
1.9
bias
0.421052
node
0.526315
enable
0.19
disable
0.421052
step
0.105263
done
2
37
1000000
-0.022676542000163113
309
1
14
1000001
1.476746752033907
308
1
0
0
1
-13.5
146
connections
0.2375
link
1.9
bias
0.38
node
0.475
enable
0.19
disable
0.38
step
0.105263
done
4
134
146
1.0
311
1
135
1000001
1.0884906581564064
310
0
134
1000002
0.2342231511688131
218
0
146
1000002
0.2342231511688131
21
1
0
0
1
-13.5
146
connections
0.2631575
link
2.10526
bias
0.38
node
0.475
enable
0.19
disable
0.38
step
0.095
done
4
69
146
1.0
119
1
69
1000002
0.06423720622436813
90
0
36
1000002
-0.20460289064661863
27
1
146
1000002
0.06423720622436813
21
1
0
0
1
-13.5
146
connections
0.2631575
link
2.10526
bias
0.38
node
0.526315
enable
0.210526
disable
0.421052
step
0.105263
done
5
103
146
1.0
312
0
19
1000001
-1.6564609265655799
280
1
103
1000002
1.7502544068782742
284
0
144
1000002
-0.17150519498882666
15
1
146
1000002
1.7502544068782742
21
1
0
0
1
-13.5
145
connections
0.2375
link
1.9
bias
0.38
node
0.526315
enable
0.19
disable
0.421052
step
0.105263
done
2
91
1000000
0.08324218712105758
266
1
111
1000000
-0.9545565630853639
121
1
0
0
1
696.0
146
connections
0.2375
link
1.9
bias
0.421052
node
0.526315
enable
0.19
disable
0.421052
step
0.095
done
5
62
146
1.0
31
1
144
1000000
0.8407225350015537
50
1
103
1000001
-1.5792518522792243
295
1
62
1000001
-1.3229614327395192
30
1
146
1000001
-1.3229614327395192
17
1
0
0
1
-13.5
145
connections
0.2631575
link
1.9
bias
0.421052
node
0.526315
enable
0.19
disable
0.421052
step
0.105263
done
2
104
1000001
0.1031148791373302
41
1
102
1000001
-0.7964473309418376
188
1
0
0
1
-13.5
145
connections
0.2631575
link
1.9
bias
0.38
node
0.475
enable
0.210526
disable
0.38
step
0.105263
done
2
106
1000001
-1.4490459747197084
48
1
108
1000001
0.9630349793060775
303
1
0
0
1
-13.5
146
connections
0.2631575
link
1.9
bias
0.421052
node
0.526315
enable
0.19
disable
0.38
step
0.095
done
4
38
146
1.0
313
0
38
1000001
-0.37910131519406587
9
1
146
1000001
-0.37910131519406587
17
1
73
1000002
0.8239030096066124
26
1
0
0
1
-13.5
145
connections
0.2375
link
1.9
bias
0.38
node
0.526315
enable
0.210526
disable
0.38
step
0.095
done
2
53
1000001
0.7058800230901086
256
1
39
1000002
-1.4478910287629048
214
1
0
0
1
-13.5
146
connections
0.2375
link
1.9
bias
0.38
node
0.526315
enable
0.210526
disable
0.421052
step
0.105263
done
4
0
146
1.0
315
1
41
1000000
-0.7674620682235269
314
1
0
1000001
0.2886166366025522
106
1
146
1000001
0.2886166366025522
17
1
0
0
1
-13.5
145
connections
0.2375
link
1.9
bias
0.421052
node
0.526315
enable
0.210526
disable
0.421052
step
0.105263
done
3
71
1000000
-1.7932276579509359
161
0
26
1000001
1.2758794506680076
224
1
144
1000002
-0.8580033555807902
15
1
0
0
1
-13.5
146
connections
0.2375
link
2.10526
bias
0.38
node
0.526315
enable
0.19
disable
0.421052
step
0.095
done
4
136
146
1.0
316
1
108
1000001
1.4169044980476428
303
1
136
1000001
-1.0127036044379087
250
0
146
1000001
-1.0127036044379087
17
1
0
0
1
-13.5
146
connections
0.2375
link
1.9
bias
0.38
node
0.475
enable
0.19
disable
0.38
step
0.105263
done
5
144
146
1.0
139
1
49
1000001
1.5286918117668016
317
1
62
1000002
0.29136281412442644
207
1
144
1000002
-0.10979183283744964
15
0
146
1000002
-0.10979183283744964
21
1
0
0
1
-13.5
146
connections
0.2375
link
2.10526
bias
0.38
node
0.526315
enable
0.210526
disable
0.38
step
0.105263
done
4
122
146
1.0
186
1
122
1000000
1.7164824323900265
185
0
146
1000000
1.7164824323900265
55
0
4
1000002
-1.3746885638431747
149
1
0
0
1
-13.5
146
connections
0.2631575
link
2.10526
bias
0.421052
node
0.475
enable
0.210526
disable
0.421052
step
0.105263
done
4
16
146
1.0
61
1
70
1000000
-0.608593905967056
129
1
16
1000002
-1.5433669053354548
60
0
146
1000002
-1.5433669053354548
21
1
0
0
1
-13.5
146
connections
0.2375
link
2.10526
bias
0.38
node
0.475
enable
0.19
disable
0.38
step
0.105263
done
4
75
146
1.0
320
1
44
1000001
-1.8503804971106708
318
1
75
1000002
0.10305205759677216
319
0
146
1000002
0.10305205759677216
21
1
0
0
1
-13.5
145
connections
0.2375
link
2.10526
bias
0.38
node
0.526315
enable
0.210526
disable
0.38
step
0.105263
done
3
21
1000000
-0.8751593084804727
63
1
97
1000000
0.4212770736454763
123
1
44
1000001
0.9750570878950313
318
1
0
0
1
-13.5
145
connections
0.2375
link
2.10526
bias
0.38
node
0.475
enable
0.19
disable
0.38
step
0.105263
done
2
138
1000000
0.030281779255596053
4
1
78
1000000
0.4056390361393638
321
0
0
0
1
-13.5
145
connections
0.2375
link
2.10526
bias
0.421052
node
0.526315
enable
0.210526
disable
0.421052
step
0.105263
done
2
31
1000000
0.7609751988453706
153
0
70
1000001
-1.3853341979815528
193
1
0
0
1
-13.5
145
connections
0.2375
link
2.10526
bias
0.38
node
0.475
enable
0.210526
disable
0.38
step
0.095
done
2
84
1000000
-0.07799770236638226
322
1
89
1000001
1.6382064333582287
167
1
0
0
1
-13.5
145
connections
0.2375
link
1.9
bias
0.38
node
0.475
enable
0.210526
disable
0.38
step
0.105263
done
2
70
1000000
-1.4887384663731948
129
1
5
1000001
-0.3244644616803276
154
1
0
0
1
-13.5
145
connections
0.2631575
link
1.9
bias
0.38
node
0.475
enable
0.210526
disable
0.421052
step
0.105263
done
3
38
1000000
-0.5723389021811687
323
1
144
1000001
-0.8337246643371534
19
1
69
1000002
-1.5759807675860675
90
1
0
0
1
-13.5
145
connections
0.2631575
link
2.10526
bias
0.421052
node
0.475
enable
0.210526
disable
0.38
step
0.105263
done
3
23
1000000
-0.3625535113838172
325
1
40
1000001
-1.6079966437523132
324
1
144
1000002
0.8439359725368507
15
1
0
0
1
-13.5
145
connections
0.2375
link
1.9
bias
0.421052
node
0.475
enable
0.19
disable
0.38
step
0.105263
done
2
114
1000001
-1.3238713162852278
326
1
117
1000001
-1.3294749978920892
176
1
0
0
1
-13.5
145
connections
0.2375
link
1.9
bias
0.38
node
0.526315
enable
0.19
disable
0.421052
step
0.105263
done
2
19
1000000
0.9569883211541792
328
1
142
1000002
0.20725568979616726
327
1
0
0
1
-13.5
146
connections
0.2631575
link
1.9
bias
0.38
node
0.475
enable
0.210526
disable
0.38
step
0.095
done
4
79
146
1.0
330
1
79
1000001
-0.21906379088543693
89
0
146
1000001
-0.21906379088543693
17
0
70
1000002
-1.9720911031035264
329
1
0
0
1
-13.5
146
connections
0.2375
link
1.9
bias
0.38
node
0.526315
enable
0.19
disable
0.421052
step
0.105263
done
5
139
146
1.0
331
1
24
1000000
0.3391370418822537
294
1
139
1000001
-1.811707988625649
267
0
144
1000001
-1.64357658160012
19
1
146
1000001
-1.811707988625649
17
1
0
0
1
-13.5
145
connections
0.2375
link
1.9
bias
0.38
node
0.526315
enable
0.19
disable
0.421052
step
0.105263
done
2
59
1000000
-0.8165785230127898
109
1
108
1000000
1.974916979056328
332
1
0
0
1
-13.5
146
connections
0.2631575
link
1.9
bias
0.421052
node
0.526315
enable
0.19
disable
0.421052
step
0.095
done
5
62
146
1.0
31
1
62
1000000
0.8825378479023951
333
1
144
1000000
-0.7066760171506834
50
1
146
1000000
0.8825378479023951
55
1
15
1000002
0.141566002402981
195
1
0
0
1
696.0
145
connections
0.2375
link
1.9
bias
0.421052
node
0.526315
enable
0.210526
disable
0.38
step
0.095
done
3
80
1000000
1.2993935459737354
334
1
144
1000000
1.975964165110089
50
1
56
1000001
1.4738777390400135
335
1
0
0
1
696.0
146
connections
0.2631575
link
2.10526
bias
0.38
node
0.475
enable
0.210526
disable
0.38
step
0.105263
done
5
11
146
1.0
338
1
144
1000000
1.7263128162989183
50
1
11
1000001
0.3688180411838826
337
0
146
1000001
0.3688180411838826
17
1
100
1000002
-0.9010884660419616
336
1
0
0
1
-13.5
146
connections
0.2375
link
2.10526
bias
0.421052
node
0.475
enable
0.210526
disable
0.421052
step
0.095
done
4
74
146
1.0
340
1
74
1000002
0.9194270976843937
339
0
33
1000002
-0.7056383263427022
128
1
146
1000002
0.9194270976843937
21
0
0
0
1
-13.5
145
connections
0.2375
link
2.10526
bias
0.421052
node
0.475
enable
0.19
disable
0.38
step
0.105263
done
3
117
1000000
-1.4303996562332393
341
0
19
1000001
-1.1597433518280962
280
1
144
1000002
1.48391476945089
15
1
0
0
1
-13.5
145
connections
0.2375
link
1.9
bias
0.38
node
0.526315
enable
0.19
disable
0.38
step
0.095
done
2
37
1000001
-0.058113707588179686
343
1
116
1000002
-0.8918229008850957
342
0
0
0
1
-13.5
145
connections
0.2375
link
2.10526
bias
0.421052
node
0.526315
enable
0.19
disable
0.421052
step
0.095
done
3
39
1000000
-0.4064841488268498
344
1
115
1000001
1.1926658452712129
345
1
144
1000001
-1.3307040570207627
19
1
0
0
1
-13.5
145
connections
0.2631575
link
1.9
bias
0.421052
node
0.475
enable
0.210526
disable
0.38
step
0.105263
done
2
30
1000002
0.34978536029247875
346
1
126
1000002
1.5380402858877877
192
0
0
0
1
-13.5
145
connections
0.2631575
link
1.9
bias
0.38
node
0.475
enable
0.19
disable
0.38
step
0.105263
done
2
102
1000000
0.9388032250561662
347
1
137
1000002
-1.4107115190362252
253
1
0
0
1
-13.5
146
connections
0.2375
link
1.9
bias
0.421052
node
0.475
enable
0.210526
disable
0.421052
step
0.105263
done
4
126
146
1.0
349
1
79
1000000
-0.5050353175011164
6
0
126
1000001
-1.6058797488924643
348
0
146
1000001
-1.6058797488924643
17
1
0
0
1
-13.5
145
connections
0.2631575
link
1.9
bias
0.421052
node
0.526315
enable
0.19
disable
0.38
step
0.095
done
3
36
1000000
-0.7046965725103611
351
1
144
1000001
-0.8183956006907191
19
1
79
1000002
-0.46261703505396623
350
1
0
0
1
-13.5
146
connections
0.2375
link
1.9
bias
0.421052
node
0.526315
enable
0.210526
disable
0.38
step
0.105263
done
4
73
146
1.0
28
1
73
1000000
-1.1648889797099589
300
0
146
1000000
-1.1648889797099589
55
1
37
1000001
-0.9109084364470852
343
1
0
0
1
-13.5
145
connections
0.2375
link
1.9
bias
0.421052
node
0.475
enable
0.210526
disable
0.38
step
0.105263
done
3
100
1000001
1.2525536644668613
283
1
22
1000001
1.895352129886469
352
1
144
1000002
-0.8403197506604827
15
1
0
0
1
-13.5
145
connections
0.2631575
link
1.9
bias
0.421052
node
0.526315
enable
0.210526
disable
0.38
step
0.105263
done
3
93
1000000
-1.1179595598338912
184
1
132
1000001
1.369738175653508
353
1
144
1000001
-1.8443962991235128
19
1
0
0
1
-13.5
146
connections
0.2375
link
1.9
bias
0.421052
node
0.475
enable
0.210526
disable
0.421052
step
0.105263
done
4
9
146
1.0
356
1
9
1000001
0.9365084797711121
354
0
113
1000001
1.5528386411680835
355
1
146
1000001
0.9365084797711121
17
0
0
0
1
-13.5
146
connections
0.2631575
link
2.10526
bias
0.38
node
0.526315
enable
0.210526
disable
0.421052
step
0.095
done
4
143
146
1.0
358
1
143
1000001
1.8804085031988844
357
0
60
1000001
-0.7878989934329743
171
1
146
1000001
1.8804085031988844
17
0
0
0
1
-13.5
146
connections
0.2375
link
1.9
bias
0.38
node
0.526315
enable
0.19
disable
0.38
step
0.095
done
5
57
146
1.0
361
1
57
1000000
1.0949407664079902
359
0
54
1000000
1.7159994705080615
360
1
146
1000000
1.0949407664079902
55
1
144
1000001
-1.3180669252076247
19
1
0
0
1
-13.5
145
connections
0.2631575
link
2.10526
bias
0.38
node
0.526315
enable
0.19
disable
0.38
step
0.095
done
3
81
1000000
-0.16446002991120912
362
1
42
1000001
-1.8256283969641487
277
1
144
1000001
-0.5587718610474699
19
1
0
0
1
-13.5
145
connections
0.2631575
link
1.9
bias
0.38
node
0.475
enable
0.210526
disable
0.38
step
0.095
done
2
16
1000002
-0.7056313509014154
60
1
99
1000002
1.1385804130454122
104
1
0
0
1
-13.5
145
connections
0.2375
link
2.10526
bias
0.421052
node
0.526315
enable
0.19
disable
0.38
step
0.095
done
2
72
1000001
0.1821610422278197
363
1
80
1000002
-1.0933107996751374
93
0
0
0
1
-13.5
145
connections
0.2631575
link
2.10526
bias
0.421052
node
0.475
enable
0.210526
disable
0.421052
step
0.095
done
3
130
1000000
0.3484768171439647
77
1
2
1000001
-1.1975253150881118
88
0
144
1000001
-1.5839898441258766
19
1
0
0
1
-13.5
145
connections
0.2631575
link
1.9
bias
0.421052
node
0.475
enable
0.19
disable
0.421052
step
0.095
done
3
64
1000000
0.9972410217771852
130
1
87
1000001
-1.4455247045234292
364
1
144
1000002
0.6897147792144391
15
1
0
0
1
-13.5
146
connections
0.2631575
link
2.10526
bias
0.421052
node
0.475
enable
0.210526
disable
0.38
step
0.095
done
5
144
146
1.0
139
1
52
1000000
1.6809604694223226
110
0
83
1000002
0.9741315672048052
272
1
144
1000002
-1.3595340819502155
15
0
146
1000002
-1.3595340819502155
21
1
0
0
1
-13.5
145
connections
0.2375
link
1.9
bias
0.421052
node
0.526315
enable
0.19
disable
0.421052
step
0.105263
done
3
62
1000000
-1.6760331158643158
333
1
144
1000000
-0.943932274903049
50
0
14
1000002
0.907833962632834
181
1
0
0
1
-13.5
145
connections
0.2375
link
1.9
bias
0.421052
node
0.526315
enable
0.19
disable
0.38
step
0.105263
done
2
8
1000001
-1.8691465918654315
102
1
124
1000001
1.3417828314581155
365
1
0
0
1
-184.5
146
connections
0.2631575
link
1.9
bias
0.421052
node
0.526315
enable
0.210526
disable
0.38
step
0.105263
done
5
126
146
1.0
349
1
137
1000000
1.332345822119252
366
1
126
1000001
-0.5613002433093937
348
0
144
1000001
0.830579648528952
19
1
146
1000001
-0.5613002433093937
17
1
0
0
1
-13.5
146
connections
0.2631575
link
2.10526
bias
0.38
node
0.475
enable
0.210526
disable
0.421052
step
0.105263
done
4
11
146
1.0
338
1
133
1000000
-1.5927409078346515
173
1
11
1000001
1.045162061539012
337
1
146
1000001
1.045162061539012
17
0
0
0
1
-13.5
146
connections
0.2631575
link
2.10526
bias
0.421052
node
0.526315
enable
0.19
disable
0.38
step
0.105263
done
4
17
146
1.0
369
1
17
1000000
-1.4840805144528297
367
0
146
1000000
-1.4840805144528297
55
1
50
1000002
1.4328913082004608
368
1
0
0
1
-13.5
145
connections
0.2375
link
2.10526
bias
0.38
node
0.526315
enable
0.210526
disable
0.38
step
0.095
done
2
99
1000000
1.9335874439136167
370
0
66
1000002
-0.6424457096565872
49
1
0
0
1
-13.5
146
connections
0.2631575
link
2.10526
bias
0.421052
node
0.526315
enable
0.19
disable
0.421052
step
0.095
done
4
2
146
1.0
371
1
57
1000001
1.1901193706000548
127
1
2
1000001
-1.9289037004161589
88
0
146
1000001
-1.9289037004161589
17
1
0
0
1
-13.5
146
connections
0.2375
link
2.10526
bias
0.38
node
0.526315
enable
0.210526
disable
0.421052
step
0.105263
done
6
144
146
1.0
139
1
67
1000000
1.4775557574250597
372
1
10
1000001
-1.3741188786866498
152
1
10
1000002
1.4755680839732492
92
1
144
1000002
-0.15735556414013185
15
0
146
1000002
-0.15735556414013185
21
1
0
0
1
-13.5
145
connections
0.2631575
link
1.9
bias
0.38
node
0.475
enable
0.19
disable
0.421052
step
0.105263
done
2
88
1000001
-0.7634768564929271
373
1
126
1000001
-1.1754345252668843
348
0
0
0
1
-13.5
146
connections
0.2375
link
1.9
bias
0.421052
node
0.475
enable
0.210526
disable
0.38
step
0.105263
done
5
144
146
1.0
139
1
31
1000001
0.9510278082843286
29
1
143
1000001
1.6760393574225207
357
1
144
1000001
-0.24656086624665097
19
1
146
1000001
-0.24656086624665097
17
1
0
0
1
-13.5
145
connections
0.2631575
link
1.9
bias
0.38
node
0.475
enable
0.210526
disable
0.421052
step
0.095
done
2
76
1000002
1.4877865286381748
374
1
139
1000002
0.32406563303655167
8
0
0
0
1
-13.5
146
connections
0.2375
link
2.10526
bias
0.421052
node
0.526315
enable
0.210526
disable
0.38
step
0.105263
done
5
58
146
1.0
82
1
58
1000000
-1.8392905035552332
376
1
144
1000000
-0.7114139232621235
50
0
146
1000000
-1.8392905035552332
55
1
64
1000002
-0.43752327000490165
375
1
0
0
1
-13.5
146
connections
0.2375
link
2.10526
bias
0.38
node
0.526315
enable
0.210526
disable
0.421052
step
0.105263
done
4
81
146
1.0
377
0
81
1000000
-0.7906713816851014
362
0
146
1000000
-0.7906713816851014
55
1
62
1000002
-1.3804448760361026
207
1
0
0
1
-13.5
146
connections
0.2631575
link
1.9
bias
0.38
node
0.475
enable
0.19
disable
0.38
step
0.105263
done
4
28
146
1.0
380
1
47
1000001
1.2860195704916206
379
1
28
1000002
-1.0520691175782027
378
0
146
1000002
-1.0520691175782027
21
1
0
0
1
-13.5
145
connections
0.2375
link
1.9
bias
0.38
node
0.526315
enable
0.19
disable
0.38
step
0.105263
done
3
23
1000000
-1.2879921787224218
325
1
144
1000000
-0.6532258570518339
50
1
89
1000002
-1.9389143823275994
381
1
0
0
1
-13.5
146
connections
0.2375
link
1.9
bias
0.421052
node
0.526315
enable
0.210526
disable
0.38
step
0.095
done
4
69
146
1.0
119
0
34
1000000
-0.33363532780539806
382
1
69
1000002
-1.7482922744114657
90
0
146
1000002
-1.7482922744114657
21
1
0
0
1
-13.5
145
connections
0.2631575
link
2.10526
bias
0.421052
node
0.475
enable
0.19
disable
0.421052
step
0.105263
done
2
29
1000001
-0.8530862658744902
383
1
104
1000002
-0.10478226987242367
236
1
0
0
1
-13.5
145
connections
0.2631575
link
2.10526
bias
0.421052
node
0.526315
enable
0.19
disable
0.38
step
0.095
done
3
52
1000001
-1.3410870209737324
384
1
144
1000001
-1.3971862477669825
19
1
35
1000002
1.7238059788980076
66
1
0
0
1
-13.5
146
connections
0.2631575
link
1.9
bias
0.421052
node
0.475
enable
0.19
disable
0.38
step
0.105263
done
4
116
146
1.0
385
0
73
1000002
0.3851721350875743
26
1
116
1000002
-1.393352220585831
342
0
146
1000002
-1.393352220585831
21
1
0
0
1
-134.5
146
connections
0.2375
link
2.10526
bias
0.421052
node
0.475
enable
0.19
disable
0.421052
step
0.105263
done
5
144
146
1.0
139
1
60
1000000
-1.1472625758890365
11
0
144
1000001
1.217552345857329
19
0
146
1000001
1.217552345857329
17
1
37
1000002
-1.6161879980430394
386
1
0
0
1
-13.5
146
connections
0.2375
link
1.9
bias
0.38
node
0.475
enable
0.210526
disable
0.38
step
0.095
done
4
105
146
1.0
97
1
105
1000001
0.18209232501898276
74
0
30
1000001
-1.9402227519427404
202
1
146
1000001
0.18209232501898276
17
1
0
0
1
-13.5
145
connections
0.2375
link
1.9
bias
0.421052
node
0.526315
enable
0.210526
disable
0.421052
step
0.095
done
2
1000001
1000001
1.1525425838326004
191
1
1
1000001
-1.2246980606226203
7
1
0
0
1
-13.5
145
connections
0.2375
link
1.9
bias
0.421052
node
0.526315
enable
0.210526
disable
0.421052
step
0.105263
done
2
1000000
1000001
0.8557276659035677
23
0
105
1000002
1.5558350396625267
168
1
0
0
1
-13.5
145
connections
0.2631575
link
1.9
bias
0.421052
node
0.475
enable
0.210526
disable
0.421052
step
0.095
done
2
94
1000002
0.6412667167824555
387
1
109
1000002
0.7121302580358879
238
1
0
0
1
-13.5
146
connections
0.2375
link
2.10526
bias
0.421052
node
0.526315
enable
0.19
disable
0.38
step
0.095
done
5
1
146
1.0
211
1
54
1000000
1.231138115864335
360
1
1
1000001
1.415682262352734
7
1
146
1000001
1.415682262352734
17
1
144
1000002
0.6018492015667158
15
1
0
0
1
-13.5
146
connections
0.2631575
link
1.9
bias
0.421052
node
0.475
enable
0.210526
disable
0.38
step
0.095
done
4
36
146
1.0
388
1
36
1000000
-0.9665745196216844
351
0
146
1000000
-0.9665745196216844
55
0
139
1000001
0.6833006840632061
267
1
0
0
1
696.0
146
connections
0.2375
link
1.9
bias
0.38
node
0.526315
enable
0.210526
disable
0.421052
step
0.105263
done
5
76
146
1.0
390
1
76
1000000
1.3886263160820067
201
1
128
1000000
-1.4024291095938692
389
1
146
1000000
1.3886263160820067
55
0
144
1000002
-1.5261446377620818
15
1
0
0
1
-13.5
145
connections
0.2375
link
2.10526
bias
0.38
node
0.475
enable
0.19
disable
0.421052
step
0.095
done
2
121
1000002
1.3176466897211982
391
1
4
1000002
-0.35814079826647305
149
1
0
0
1
-184.5
145
connections
0.2375
link
1.9
bias
0.421052
node
0.475
enable
0.19
disable
0.421052
step
0.105263
done
3
16
1000000
1.5038877818766632
392
1
84
1000000
1.4092830021610432
322
1
144
1000001
0.6437905222242497
19
1
0
0
1
-13.5
145
connections
0.2631575
link
2.10526
bias
0.38
node
0.526315
enable
0.210526
disable
0.421052
step
0.105263
done
3
144
1000000
-1.5572287699515392
50
1
48
1000001
-0.14187664287102608
85
1
47
1000002
1.927041408451875
196
1
0
0
1
-13.5
146
connections
0.2375
link
2.10526
bias
0.421052
node
0.526315
enable
0.19
disable
0.421052
step
0.105263
done
6
37
146
1.0
394
1
56
1000000
1.0717395385865616
393
1
121
1000001
-1.3489540345533633
34
1
37
1000001
1.2322957662206457
343
0
146
1000001
1.2322957662206457
17
1
144
1000002
0.24508051468369985
15
1
0
0
1
-13.5
146
connections
0.2631575
link
1.9
bias
0.421052
node
0.475
enable
0.19
disable
0.38
step
0.105263
done
4
65
146
1.0
107
1
5
1000002
-1.9132575377920835
276
1
65
1000002
1.6514115057094498
395
0
146
1000002
1.6514115057094498
21
1
0
0
1
-13.5
146
connections
0.2375
link
1.9
bias
0.421052
node
0.526315
enable
0.19
disable
0.38
step
0.105263
done
4
4
146
1.0
397
1
4
1000000
-1.5453764841195654
396
0
146
1000000
-1.5453764841195654
55
0
119
1000001
-1.3264198725852099
56
1
0
0
1
-13.5
145
connections
0.2375
link
2.10526
bias
0.421052
node
0.475
enable
0.19
disable
0.421052
step
0.095
done
3
38
1000001
1.6492323161404823
9
1
105
1000002
-0.85705640399599
168
1
13
1000002
-0.04953479653403692
398
1
0
0
1
-13.5
146
connections
0.2631575
link
2.10526
bias
0.38
node
0.475
enable
0.19
disable
0.421052
step
0.105263
done
5
15
146
1.0
400
1
144
1000001
-1.252810791224901
19
1
117
1000002
-1.2308191723862598
399
1
15
1000002
-1.4784906427457982
195
0
146
1000002
-1.4784906427457982
21
0
0
0
1
-13.5
146
connections
0.2631575
link
1.9
bias
0.38
node
0.475
enable
0.210526
disable
0.421052
step
0.105263
done
5
51
146
1.0
223
0
20
1000000
-1.359232350251026
98
1
51
1000000
0.628889435218309
95
0
144
1000000
-1.4134477607417786
50
1
146
1000000
0.628889435218309
55
1
0
0
1
-13.5
145
connections
0.2631575
link
2.10526
bias
0.38
node
0.475
enable
0.19
disable
0.38
step
0.105263
done
2
136
1000000
0.15677468093726876
401
1
115
1000000
-1.7767207030388033
170
1
0
0
1
-13.5
146
connections
0.2631575
link
2.10526
bias
0.38
node
0.526315
enable
0.19
disable
0.38
step
0.095
done
4
19
146
1.0
404
1
85
1000000
1.1877258945554008
402
1
19
1000002
0.3021763357542291
403
0
146
1000002
0.3021763357542291
21
1
0
0
1
-13.5
145
connections
0.2375
link
2.10526
bias
0.38
node
0.526315
enable
0.19
disable
0.421052
step
0.095
done
2
19
1000000
-0.3415900671764347
328
1
67
1000001
0.7538077151958364
301
1
0
0
1
-13.5
145
connections
0.2631575
link
2.10526
bias
0.38
node
0.475
enable
0.19
disable
0.38
step
0.095
done
2
107
1000000
0.5602742401515033
287
0
24
1000000
-0.8771142923481765
294
1
0
0
1
-13.5
145
connections
0.2631575
link
2.10526
bias
0.421052
node
0.475
enable
0.19
disable
0.38
step
0.095
done
2
71
1000001
0.3491340438593409
258
1
69
1000002
-0.6765663344836272
90
0
0
0
1
-13.5
145
connections
0.2631575
link
2.10526
bias
0.38
node
0.526315
enable
0.19
disable
0.421052
step
0.095
done
3
95
1000000
-0.0550681613919668
53
1
144
1000000
-1.8147389093821311
50
1
71
1000002
-0.7717375293288731
212
1
0
0
1
-13.5
145
connections
0.2375
link
1.9
bias
0.38
node
0.526315
enable
0.210526
disable
0.421052
step
0.095
done
2
34
1000000
1.815107706584111
382
1
144
1000002
1.5939398626271806
15
1
0
0
1
-184.5
146
connections
0.2631575
link
2.10526
bias
0.38
node
0.475
enable
0.19
disable
0.38
step
0.095
done
5
102
146
1.0
405
1
52
1000000
-0.7338377006082344
110
1
102
1000000
1.317630653484076
347
0
146
1000000
1.317630653484076
55
1
144
1000001
0.4321997944095268
19
1
0
0
1
-13.5
146
connections
0.2631575
link
1.9
bias
0.38
node
0.475
enable
0.19
disable
0.421052
step
0.095
done
4
90
146
1.0
209
1
30
1000000
1.3868820545409695
285
1
90
1000001
1.3165957325763196
406
1
146
1000001
1.3165957325763196
17
1
0
0
1
-13.5
145
connections
0.2631575
link
2.10526
bias
0.421052
node
0.526315
enable
0.210526
disable
0.421052
step
0.095
done
2
5
1000002
1.6611807223685395
276
1
64
1000002
-1.5936418152827612
375
1
0
0
1
-13.5
146
connections
0.2375
link
1.9
bias
0.38
node
0.475
enable
0.19
disable
0.421052
step
0.095
done
4
55
146
1.0
407
1
55
1000000
1.350358866915589
142
0
5
1000000
0.3792809698346806
144
1
146
1000000
1.350358866915589
55
1
0
0
1
-184.5
146
connections
0.2375
link
2.10526
bias
0.38
node
0.475
enable
0.210526
disable
0.38
step
0.095
done
5
62
146
1.0
31
1
62
1000000
1.1011074955174251
333
0
146
1000000
1.1011074955174251
55
1
144
1000001
0.8484971804133026
19
1
61
1000002
-0.739363953023529
408
1
0
0
1
-13.5
145
connections
0.2631575
link
2.10526
bias
0.421052
node
0.526315
enable
0.19
disable
0.421052
step
0.095
done
2
70
1000001
1.082191265676291
193
1
95
1000002
-0.32692069224403086
409
1
0
0
1
-13.5
145
connections
0.2631575
link
2.10526
bias
0.38
node
0.475
enable
0.210526
disable
0.421052
step
0.095
done
2
98
1000000
1.0164094424394872
410
1
15
1000002
-1.195924660018584
195
0
0
0
1
-13.5
146
connections
0.2631575
link
1.9
bias
0.38
node
0.475
enable
0.210526
disable
0.421052
step
0.105263
done
5
85
146
1.0
411
1
144
1000001
-0.05655946128319922
19
0
119
1000002
0.31347812293156974
200
1
85
1000002
-1.167231013212318
126
1
146
1000002
-1.167231013212318
21
1
0
0
1
-13.5
146
connections
0.2631575
link
1.9
bias
0.421052
node
0.526315
enable
0.210526
disable
0.38
step
0.095
done
4
72
146
1.0
413
1
72
1000000
-1.855361228935764
412
0
146
1000000
-1.855361228935764
55
1
12
1000001
1.6219490842414346
159
1
0
0
1
-13.5
146
connections
0.2631575
link
2.10526
bias
0.38
node
0.475
enable
0.210526
disable
0.421052
step
0.095
done
4
36
146
1.0
388
1
120
1000001
1.1184510917612376
414
1
36
1000001
1.6661439426622278
264
0
146
1000001
1.6661439426622278
17
1
0
0
1
-13.5
145
connections
0.2375
link
2.10526
bias
0.421052
node
0.475
enable
0.19
disable
0.421052
step
0.095
done
4
95
1000000
-1.980872727704357
53
1
144
1000000
-0.9559707727662534
50
1
15
1000001
0.7752310721510876
415
1
142
1000001
0.8800620466524118
255
0
0
0
1
696.0
145
connections
0.2631575
link
2.10526
bias
0.421052
node
0.526315
enable
0.210526
disable
0.421052
step
0.095
done
3
144
1000000
0.48986268592425164
50
1
106
1000002
0.4610736274448475
5
1
29
1000002
0.6655396941786949
416
1
0
0
1
-13.5
146
connections
0.2375
link
2.10526
bias
0.421052
node
0.526315
enable
0.210526
disable
0.421052
step
0.105263
done
4
121
146
1.0
36
1
121
1000002
0.7893317479152562
391
0
36
1000002
0.30651401031712266
27
1
146
1000002
0.7893317479152562
21
0
0
0
1
-13.5
145
connections
0.2375
link
1.9
bias
0.421052
node
0.526315
enable
0.210526
disable
0.38
step
0.095
done
2
52
1000000
1.2356920608169726
110
1
35
1000000
0.6491802356298586
417
1
0
0
1
-13.5
146
connections
0.2631575
link
2.10526
bias
0.38
node
0.475
enable
0.19
disable
0.421052
step
0.105263
done
4
68
146
1.0
418
1
68
1000000
-1.805408513719605
99
0
146
1000000
-1.805408513719605
55
1
78
1000002
-1.6526935486887409
37
1
0
0
1
-13.5
145
connections
0.2375
link
2.10526
bias
0.38
node
0.475
enable
0.19
disable
0.421052
step
0.095
done
3
135
1000000
0.9203094753206913
419
1
5
1000002
0.8095249071690231
276
1
144
1000002
1.4739238680126276
15
1
0
0
1
-13.5
146
connections
0.2375
link
2.10526
bias
0.38
node
0.475
enable
0.210526
disable
0.421052
step
0.095
done
5
10
146
1.0
420
1
10
1000002
0.7194142318899699
92
0
83
1000002
0.6634506124510069
272
1
144
1000002
1.1701372522414601
15
1
146
1000002
0.7194142318899699
21
1
0
0
1
-13.5
146
connections
0.2631575
link
2.10526
bias
0.421052
node
0.526315
enable
0.210526
disable
0.421052
step
0.105263
done
4
124
146
1.0
136
1
73
1000001
0.6063583556607806
158
1
124
1000002
1.5107718451229997
150
0
146
1000002
1.5107718451229997
21
1
0
0
1
-13.5
146
connections
0.2631575
link
2.10526
bias
0.421052
node
0.526315
enable
0.19
disable
0.421052
step
0.105263
done
4
41
146
1.0
296
1
23
1000001
1.3996013014826483
155
0
41
1000001
1.2703419941669623
290
0
146
1000001
1.2703419941669623
17
1
0
0
1
-184.5
145
connections
0.2375
link
2.10526
bias
0.38
node
0.475
enable
0.19
disable
0.421052
step
0.105263
done
3
144
1000001
0.6695800522247146
19
1
12
1000002
-1.5171613637625598
242
1
2
1000002
-0.06903797375757348
187
1
0
0
1
-13.5
145
connections
0.2631575
link
1.9
bias
0.38
node
0.475
enable
0.19
disable
0.421052
step
0.105263
done
3
134
1000000
1.7281174362957321
22
0
56
1000000
-1.0878466042272947
393
1
144
1000002
-0.7343377407357097
15
1
