0
1651.0
300
0
0
1
-1
146
connections
0.2631575
bias
0.421052
disable
0.38
node
0.526315
link
1.9
step
0.105263
enable
0.19
done
5
144
146
1.0
7
1
15
1000000
0.7812742530046006
4
1
132
1000000
-0.9213826901020612
5
0
144
1000001
-0.25875521716183014
6
0
146
1000001
-0.25875521716183014
8
1
0
0
1
-1
146
connections
0.2631575
bias
0.38
disable
0.421052
node
0.526315
link
1.9
step
0.105263
enable
0.19
done
5
49
146
1.0
12
1
49
1000000
-1.1089703179085748
9
0
144
1000000
1.602427615067552
11
0
146
1000000
-1.1089703179085748
13
1
57
1000002
1.787376625635254
10
1
0
0
1
-1
145
connections
0.2375
bias
0.38
disable
0.421052
node
0.475
link
1.9
step
0.105263
enable
0.210526
done
2
37
1000000
-1.0231233613744064
14
1
15
1000002
0.8330770163229215
15
1
0
0
1
-1
145
connections
0.2375
bias
0.421052
disable
0.38
node
0.475
link
1.9
step
0.095
enable
0.19
done
3
38
1000002
0.22655418446604836
16
0
91
1000002
-1.731676888088523
17
1
144
1000002
1.7153162559979518
18
1
0
0
1
-1
146
connections
0.2375
bias
0.38
disable
0.421052
node
0.475
link
2.10526
step
0.095
enable
0.19
done
4
1000001
146
1.0
21
0
122
1000001
-1.1082965258299233
20
1
1000001
1000002
1.0381287595229605
19
0
146
1000002
1.0381287595229605
22
1
0
0
1
-1
146
connections
0.2631575
bias
0.38
disable
0.421052
node
0.475
link
1.9
step
0.095
enable
0.210526
done
5
144
146
1.0
7
1
112
1000000
-1.546702210935583
23
1
65
1000000
1.7735706444166497
24
1
144
1000000
-0.7408725663918254
11
0
146
1000000
-0.7408725663918254
13
1
0
0
1
-1
146
connections
0.2631575
bias
0.38
disable
0.421052
node
0.526315
link
2.10526
step
0.095
enable
0.210526
done
4
97
146
1.0
27
1
14
1000000
-0.8921102883040586
25
0
97
1000001
-0.7644288519646345
26
0
146
1000001
-0.7644288519646345
8
1
0
0
1
-1
146
connections
0.2375
bias
0.38
disable
0.38
node
0.526315
link
2.10526
step
0.095
enable
0.210526
done
4
83
146
1.0
30
0
42
1000000
1.96965977545768
28
1
83
1000001
-1.1760457138005007
29
0
146
1000001
-1.1760457138005007
8
1
0
0
1
-1
145
connections
0.2631575
bias
0.38
disable
0.38
node
0.475
link
1.9
step
0.105263
enable
0.19
done
2
136
1000000
1.2557916879654134
32
0
118
1000001
1.2503537383817362
31
1
0
0
1
-1
145
connections
0.2631575
bias
0.421052
disable
0.421052
node
0.475
link
2.10526
step
0.095
enable
0.210526
done
2
95
1000000
-0.4272153436239434
33
1
98
1000001
-1.7011285117798773
34
1
0
0
1
-1
146
connections
0.2631575
bias
0.38
disable
0.421052
node
0.475
link
1.9
step
0.095
enable
0.210526
done
5
144
146
1.0
7
1
129
1000000
-1.7032217767866462
36
1
144
1000000
-0.08498461029629256
11
0
146
1000000
-0.08498461029629256
13
1
129
1000001
0.7233161957135956
35
1
0
0
1
-1
146
connections
0.2631575
bias
0.421052
disable
0.38
node
0.475
link
2.10526
step
0.105263
enable
0.19
done
4
1000001
146
1.0
21
1
44
1000001
0.029657755395154695
37
1
1000001
1000001
-0.12137498014985626
38
0
146
1000001
-0.12137498014985626
8
1
0
0
1
-1
145
connections
0.2375
bias
0.38
disable
0.38
node
0.475
link
2.10526
step
0.095
enable
0.19
done
3
38
1000002
0.6599388154638688
16
1
1
1000002
1.8081889589413072
39
1
144
1000002
-1.3312453129446773
18
1
0
0
1
-1
146
connections
0.2375
bias
0.38
disable
0.38
node
0.526315
link
2.10526
step
0.095
enable
0.210526
done
4
77
146
1.0
41
1
77
1000002
-1.827056540402869
40
0
57
1000002
-1.5976341967055823
10
1
146
1000002
-1.827056540402869
22
1
0
0
1
-1
145
connections
0.2631575
bias
0.421052
disable
0.38
node
0.475
link
1.9
step
0.105263
enable
0.19
done
2
120
1000001
1.6871970427521843
43
1
42
1000002
1.2106313991026392
42
0
0
0
1
-1
145
connections
0.2631575
bias
0.421052
disable
0.38
node
0.475
link
1.9
step
0.105263
enable
0.19
done
2
73
1000000
0.05133295010528238
44
1
37
1000000
1.775561795517992
14
1
0
0
1
-1
146
connections
0.2375
bias
0.38
disable
0.421052
node
0.526315
link
2.10526
step
0.095
enable
0.19
done
4
90
146
1.0
47
1
71
1000001
-0.7992322367354814
45
1
90
1000002
-1.243287458598875
46
0
146
1000002
-1.243287458598875
22
1
0
0
1
-1
146
connections
0.2375
bias
0.38
disable
0.421052
node
0.475
link
2.10526
step
0.095
enable
0.210526
done
4
2
146
1.0
50
1
103
1000002
0.3557509033554904
48
1
2
1000002
0.5198248427750971
49
0
146
1000002
0.5198248427750971
22
0
0
0
1
-1
145
connections
0.2375
bias
0.421052
disable
0.421052
node
0.475
link
2.10526
step
0.095
enable
0.19
done
3
99
1000000
0.07887117626903173
51
1
118
1000001
1.320426941560866
31
1
144
1000002
-1.2922531266156612
18
1
0
0
1
-1
146
connections
0.2631575
bias
0.38
disable
0.38
node
0.475
link
2.10526
step
0.095
enable
0.210526
done
4
56
146
1.0
54
1
56
1000000
0.329760139107945
52
0
146
1000000
0.329760139107945
13
1
68
1000002
1.4647518596797395
53
1
0
0
1
-1
145
connections
0.2375
bias
0.38
disable
0.38
node
0.475
link
1.9
step
0.105263
enable
0.19
done
2
1000000
1000001
1.2941683773828538
55
1
52
1000002
0.8115826658905241
56
1
0
0
1
-1
146
connections
0.2375
bias
0.38
disable
0.38
node
0.475
link
2.10526
step
0.105263
enable
0.210526
done
5
96
146
1.0
59
1
144
1000000
-1.8061717329613636
11
1
101
1000001
0.9956772479775271
58
1
96
1000002
1.2609402672799908
57
0
146
1000002
1.2609402672799908
22
1
0
0
1
1651.0
145
connections
0.2631575
bias
0.421052
disable
0.38
node
0.475
link
2.10526
step
0.095
enable
0.210526
done
3
79
1000001
1.056022581912595
61
1
144
1000001
1.0156353012819488
6
1
135
1000002
0.02141617905548321
60
1
0
0
1
-1
145
connections
0.2375
bias
0.38
disable
0.38
node
0.475
link
1.9
step
0.095
enable
0.19
done
3
31
1000000
1.5164663920489532
62
1
105
1000000
-1.7878594572205584
63
1
144
1000000
-0.838307942991857
11
1
0
0
1
-1
146
connections
0.2375
bias
0.421052
disable
0.421052
node
0.526315
link
1.9
step
0.095
enable
0.210526
done
4
19
146
1.0
66
1
66
1000000
1.8467983726324282
64
1
19
1000000
-1.4939840548074717
65
0
146
1000000
-1.4939840548074717
13
0
0
0
1
-1
146
connections
0.2375
bias
0.421052
disable
0.38
node
0.475
link
1.9
step
0.105263
enable
0.19
done
5
135
146
1.0
68
1
135
1000002
-0.7256815398396119
60
1
26
1000002
1.095245051143999
67
1
144
1000002
-1.5997649042832451
18
1
146
1000002
-0.7256815398396119
22
1
0
0
1
-1
146
connections
0.2631575
bias
0.38
disable
0.38
node
0.475
link
2.10526
step
0.095
enable
0.19
done
4
88
146
1.0
71
1
72
1000001
0.802038952607496
69
0
88
1000002
-1.728788395668872
70
0
146
1000002
-1.728788395668872
22
1
0
0
1
-1
146
connections
0.2631575
bias
0.421052
disable
0.38
node
0.526315
link
2.10526
step
0.105263
enable
0.19
done
4
33
146
1.0
73
1
42
1000000
-0.35363404886709304
28
1
33
1000001
1.2669540159699828
72
0
146
1000001
1.2669540159699828
8
0
0
0
1
-1
146
connections
0.2375
bias
0.421052
disable
0.421052
node
0.475
link
2.10526
step
0.105263
enable
0.210526
done
4
11
146
1.0
76
1
11
1000002
1.1377886874738268
74
1
87
1000002
0.6347823773081838
75
0
146
1000002
1.1377886874738268
22
1
0
0
1
-1
145
connections
0.2631575
bias
0.38
disable
0.38
node
0.526315
link
2.10526
step
0.095
enable
0.19
done
2
125
1000000
0.9257334073203771
78
0
30
1000001
-0.28179839410641394
77
1
0
0
1
-1
145
connections
0.2631575
bias
0.421052
disable
0.38
node
0.475
link
2.10526
step
0.105263
enable
0.19
done
2
108
1000000
-0.6843771608255165
79
1
126
1000001
-1.4451117674179121
80
0
0
0
1
-1
145
connections
0.2631575
bias
0.421052
disable
0.421052
node
0.526315
link
2.10526
step
0.095
enable
0.19
done
2
104
1000001
-1.4131322009559293
81
1
14
1000001
0.5358875514256822
82
0
0
0
1
-1
145
connections
0.2375
bias
0.421052
disable
0.38
node
0.526315
link
2.10526
step
0.105263
enable
0.19
done
2
94
1000000
1.7366802724636812
84
0
128
1000001
-0.3178956754639297
83
1
0
0
1
-1
146
connections
0.2631575
bias
0.421052
disable
0.421052
node
0.526315
link
1.9
step
0.105263
enable
0.19
done
3
55
146
1.0
86
0
55
1000001
1.258935993564894
85
0
146
1000001
1.258935993564894
8
1
0
0
1
-1
146
connections
0.2375
bias
0.421052
disable
0.38
node
0.475
link
1.9
step
0.105263
enable
0.210526
done
4
17
146
1.0
88
1
37
1000000
-1.8913787372498994
14
0
17
1000002
-1.9075335551100232
87
0
146
1000002
-1.9075335551100232
22
1
0
0
1
-1
146
connections
0.2631575
bias
0.38
disable
0.38
node
0.475
link
1.9
step
0.105263
enable
0.210526
done
4
126
146
1.0
91
1
40
1000000
-0.4082211667571003
89
1
126
1000002
0.4457647379814431
90
0
146
1000002
0.4457647379814431
22
1
0
0
1
-1
145
connections
0.2375
bias
0.38
disable
0.38
node
0.526315
link
2.10526
step
0.095
enable
0.210526
done
2
0
1000000
-1.660999836964998
92
0
112
1000001
-1.2437449383460817
93
1
0
0
1
-1
146
connections
0.2375
bias
0.38
disable
0.421052
node
0.526315
link
1.9
step
0.105263
enable
0.19
done
5
134
146
1.0
96
1
134
1000000
-0.63726770424097
94
0
144
1000000
-0.5748041436574685
11
1
146
1000000
-0.63726770424097
13
1
76
1000002
-0.14542802434410662
95
0
0
0
1
-13.5
146
connections
0.2375
bias
0.38
disable
0.38
node
0.526315
link
1.9
step
0.105263
enable
0.210526
done
5
80
146
1.0
99
1
80
1000000
1.8359285308096274
97
0
142
1000000
-1.8001455147574958
98
1
146
1000000
1.8359285308096274
13
1
144
1000002
-0.8986231054230891
18
1
0
0
1
570.5
145
connections
0.2375
bias
0.38
disable
0.38
node
0.526315
link
1.9
step
0.095
enable
0.210526
done
3
7
1000000
1.924537957451788
100
1
21
1000001
-1.9416294421568212
101
1
144
1000001
1.613440831804049
6
1
0
0
1
1637.5
146
connections
0.2375
bias
0.38
disable
0.38
node
0.475
link
2.10526
step
0.095
enable
0.19
done
5
46
146
1.0
103
1
46
1000000
0.7753695622127221
102
0
146
1000000
0.7753695622127221
13
0
71
1000001
0.8953145324569758
45
1
144
1000001
1.1717051125380173
6
1
0
0
1
-1
145
connections
0.2375
bias
0.38
disable
0.421052
node
0.475
link
2.10526
step
0.105263
enable
0.210526
done
3
97
1000001
1.3354656119581039
26
1
37
1000002
-0.601414024902815
104
1
144
1000002
0.3887337376832347
18
1
0
0
1
-1
145
connections
0.2631575
bias
0.38
disable
0.38
node
0.526315
link
1.9
step
0.105263
enable
0.210526
done
2
85
1000000
-0.3520082187353264
105
1
52
1000000
1.1961656894343489
106
1
0
0
1
-1
145
connections
0.2631575
bias
0.421052
disable
0.38
node
0.526315
link
2.10526
step
0.105263
enable
0.19
done
3
5
1000000
-1.2393430104457783
108
1
107
1000002
1.2365727024581705
107
1
144
1000002
0.9101759793236956
18
1
0
0
1
-1
145
connections
0.2631575
bias
0.38
disable
0.421052
node
0.526315
link
2.10526
step
0.095
enable
0.19
done
3
52
1000000
-0.7311438883821837
106
1
47
1000001
-0.3518442914892548
109
1
144
1000002
-1.6529815571808655
18
1
0
0
1
-1
146
connections
0.2631575
bias
0.421052
disable
0.38
node
0.475
link
1.9
step
0.095
enable
0.19
done
4
5
146
1.0
111
1
49
1000000
0.6943420442817163
9
1
5
1000002
-0.4813630289617721
110
0
146
1000002
-0.4813630289617721
22
1
0
0
1
-1
146
connections
0.2631575
bias
0.38
disable
0.38
node
0.475
link
2.10526
step
0.105263
enable
0.19
done
4
110
146
1.0
114
1
110
1000000
-0.19518524210701926
112
0
119
1000000
-0.42471444151444127
113
1
146
1000000
-0.19518524210701926
13
0
0
0
1
-1
146
connections
0.2631575
bias
0.38
disable
0.38
node
0.526315
link
2.10526
step
0.105263
enable
0.19
done
5
144
146
1.0
7
1
71
1000002
0.46828916537372667
115
1
5
1000002
1.5467341369159548
110
1
144
1000002
-1.3914333082741535
18
0
146
1000002
-1.3914333082741535
22
1
0
0
1
-1
145
connections
0.2631575
bias
0.38
disable
0.421052
node
0.526315
link
1.9
step
0.105263
enable
0.210526
done
2
83
1000000
-0.5339230899061258
117
1
137
1000001
-0.8051682040847195
116
0
0
0
1
-1
145
connections
0.2375
bias
0.421052
disable
0.421052
node
0.526315
link
2.10526
step
0.105263
enable
0.19
done
2
124
1000001
-0.895580959557889
118
1
24
1000002
0.4096917306211396
119
1
0
0
1
-1
146
connections
0.2375
bias
0.421052
disable
0.38
node
0.526315
link
2.10526
step
0.095
enable
0.19
done
4
118
146
1.0
122
1
118
1000000
0.6436279723002083
121
1
146
1000000
0.6436279723002083
13
1
10
1000001
-1.3377227887235645
120
1
0
0
1
-1
146
connections
0.2375
bias
0.421052
disable
0.421052
node
0.475
link
2.10526
step
0.095
enable
0.19
done
5
27
146
1.0
126
1
27
1000000
-0.9706492461094989
123
0
36
1000000
0.04513822937744161
124
1
146
1000000
-0.9706492461094989
13
1
130
1000002
0.7479031880356488
125
1
0
0
1
-1
146
connections
0.2631575
bias
0.38
disable
0.421052
node
0.475
link
2.10526
step
0.095
enable
0.19
done
4
131
146
1.0
129
1
8
1000000
-0.5533691226275756
128
1
131
1000001
-0.9082513916277652
127
0
146
1000001
-0.9082513916277652
8
1
0
0
1
-1
146
connections
0.2375
bias
0.421052
disable
0.421052
node
0.475
link
2.10526
step
0.095
enable
0.19
done
4
117
146
1.0
131
1
117
1000000
-1.070389654977626
130
1
31
1000000
-0.8204264803862769
62
1
146
1000000
-1.070389654977626
13
1
0
0
1
-13.5
145
connections
0.2375
bias
0.421052
disable
0.38
node
0.475
link
2.10526
step
0.105263
enable
0.19
done
3
144
1000000
1.9041771609069391
11
1
56
1000001
-0.25936376096002256
132
1
1000000
1000001
-1.7505167376536486
55
0
0
0
1
-1
146
connections
0.2375
bias
0.38
disable
0.421052
node
0.475
link
1.9
step
0.105263
enable
0.19
done
5
144
146
1.0
7
0
91
1000000
0.9556672119279859
133
1
73
1000001
-0.4508411337753899
134
1
144
1000002
0.2619164903320872
18
0
146
1000002
0.2619164903320872
22
1
0
0
1
-1
145
connections
0.2375
bias
0.38
disable
0.38
node
0.526315
link
2.10526
step
0.095
enable
0.210526
done
2
17
1000000
0.08420630061489476
136
0
115
1000002
-0.24098980510710488
135
1
0
0
1
-1
146
connections
0.2631575
bias
0.38
disable
0.421052
node
0.475
link
2.10526
step
0.105263
enable
0.210526
done
4
111
146
1.0
139
1
53
1000002
-0.18312468028760964
137
0
111
1000002
1.5181545426254215
138
0
146
1000002
1.5181545426254215
22
1
0
0
1
-1
145
connections
0.2631575
bias
0.421052
disable
0.421052
node
0.526315
link
1.9
step
0.095
enable
0.19
done
2
101
1000000
0.668013512567665
141
1
125
1000001
-1.3661165113011262
140
1
0
0
1
-1
146
connections
0.2631575
bias
0.421052
disable
0.38
node
0.475
link
1.9
step
0.105263
enable
0.210526
done
4
80
146
1.0
99
1
126
1000001
-0.5968859723876139
80
0
80
1000002
1.8929385964957044
142
0
146
1000002
1.8929385964957044
22
1
0
0
1
-1
145
connections
0.2375
bias
0.421052
disable
0.38
node
0.526315
link
1.9
step
0.105263
enable
0.19
done
2
28
1000000
-1.7008702016120463
144
1
142
1000001
-1.8626667283251321
143
1
0
0
1
-1
146
connections
0.2375
bias
0.421052
disable
0.38
node
0.526315
link
1.9
step
0.095
enable
0.19
done
4
63
146
1.0
147
1
63
1000001
-1.9165327716503633
145
0
146
1000001
-1.9165327716503633
8
1
117
1000002
0.7371009071091401
146
1
0
0
1
-1
146
connections
0.2631575
bias
0.421052
disable
0.421052
node
0.475
link
1.9
step
0.095
enable
0.210526
done
5
70
146
1.0
150
1
144
1000000
-0.3859287163585101
11
1
28
1000001
1.23359989631005
149
1
70
1000002
1.643836686308365
148
0
146
1000002
1.643836686308365
22
1
0
0
1
-1
145
connections
0.2631575
bias
0.421052
disable
0.38
node
0.475
link
2.10526
step
0.095
enable
0.210526
done
2
21
1000002
-1.7056872602606181
151
1
37
1000002
-0.5672513515733457
104
1
0
0
1
-1
146
connections
0.2375
bias
0.38
disable
0.421052
node
0.526315
link
2.10526
step
0.105263
enable
0.210526
done
5
109
146
1.0
154
1
144
1000000
-0.27797435488409716
11
1
137
1000002
-0.08171455450484988
152
1
109
1000002
1.493328239075646
153
0
146
1000002
1.493328239075646
22
1
0
0
1
-1
146
connections
0.2631575
bias
0.421052
disable
0.38
node
0.475
link
1.9
step
0.095
enable
0.19
done
4
44
146
1.0
156
1
44
1000001
1.8021695688695325
37
0
27
1000001
1.225678214392623
155
0
146
1000001
1.8021695688695325
8
1
0
0
1
-1
146
connections
0.2375
bias
0.38
disable
0.421052
node
0.475
link
2.10526
step
0.105263
enable
0.210526
done
4
98
146
1.0
158
1
20
1000000
1.7389577867995425
157
1
98
1000001
-0.3010343685345416
34
0
146
1000001
-0.3010343685345416
8
1
0
0
1
-1
145
connections
0.2631575
bias
0.38
disable
0.38
node
0.475
link
2.10526
step
0.095
enable
0.210526
done
3
144
1000000
0.6649163316576692
11
0
18
1000002
0.9023110598679076
159
1
8
1000002
-0.293699323742707
160
1
0
0
1
-13.5
146
connections
0.2375
bias
0.38
disable
0.38
node
0.526315
link
1.9
step
0.105263
enable
0.19
done
5
144
146
1.0
7
1
37
1000000
-1.9162410533886924
14
1
144
1000000
0.9395007700795972
11
0
146
1000000
0.9395007700795972
13
1
13
1000001
-0.6206327843387647
161
1
0
0
1
-1
145
connections
0.2631575
bias
0.421052
disable
0.38
node
0.526315
link
2.10526
step
0.105263
enable
0.19
done
3
120
1000001
1.0058957895532217
43
1
85
1000001
1.5909306760624293
163
1
73
1000002
0.6611775790169236
162
0
0
0
1
-1
145
connections
0.2375
bias
0.421052
disable
0.421052
node
0.475
link
1.9
step
0.105263
enable
0.210526
done
2
1
1000000
1.3013483447636842
164
1
42
1000001
0.6772361089236267
165
1
0
0
1
-1
146
connections
0.2375
bias
0.421052
disable
0.421052
node
0.526315
link
1.9
step
0.095
enable
0.210526
done
3
51
146
1.0
167
1
51
1000001
0.654931132165189
166
1
146
1000001
0.654931132165189
8
0
0
0
1
-1
145
connections
0.2631575
bias
0.421052
disable
0.421052
node
0.475
link
1.9
step
0.105263
enable
0.210526
done
2
7
1000001
-0.3028770012652813
168
1
45
1000002
1.4893033172831078
169
0
0
0
1
-1
146
connections
0.2631575
bias
0.421052
disable
0.38
node
0.475
link
1.9
step
0.095
enable
0.210526
done
5
102
146
1.0
172
1
102
1000000
-1.2262152900277834
170
0
96
1000000
1.1453774249205084
171
1
144
1000000
-1.0254894892786943
11
1
146
1000000
-1.2262152900277834
13
1
0
0
1
1637.5
145
connections
0.2375
bias
0.38
disable
0.421052
node
0.475
link
2.10526
step
0.095
enable
0.210526
done
3
54
1000000
1.1042432116589187
174
1
108
1000001
0.4937159525293482
173
1
144
1000001
1.6661336215649887
6
1
0
0
1
-1
145
connections
0.2631575
bias
0.421052
disable
0.421052
node
0.475
link
2.10526
step
0.095
enable
0.210526
done
3
14
1000000
-0.17213623460880223
25
1
144
1000000
-1.8795220904131043
11
1
139
1000002
0.26113227518373927
175
1
0
0
1
-1
145
connections
0.2631575
bias
0.38
disable
0.421052
node
0.526315
link
2.10526
step
0.095
enable
0.210526
done
4
123
1000000
-1.5204731215532115
176
1
102
1000001
-0.5741262398310218
177
1
72
1000002
-0.2890926120614741
178
1
144
1000002
-1.4513312507904392
18
1
0
0
1
1637.5
146
connections
0.2631575
bias
0.421052
disable
0.421052
node
0.475
link
2.10526
step
0.105263
enable
0.210526
done
5
86
146
1.0
181
1
86
1000001
-0.9251777066491775
179
0
144
1000001
1.2305926151684115
6
1
146
1000001
-0.9251777066491775
8
1
136
1000002
-1.4087156089768862
180
1
0
0
1
-13.5
145
connections
0.2375
bias
0.421052
disable
0.38
node
0.526315
link
2.10526
step
0.095
enable
0.210526
done
3
139
1000000
-0.0487546656629978
183
1
144
1000000
0.5094597403033996
11
1
98
1000002
-1.8792402041342093
182
1
0
0
1
1637.5
146
connections
0.2375
bias
0.421052
disable
0.421052
node
0.526315
link
2.10526
step
0.105263
enable
0.19
done
5
91
146
1.0
186
1
91
1000001
0.5649489587790506
185
0
144
1000001
0.561613424074277
6
1
146
1000001
0.5649489587790506
8
1
0
1000002
0.22864153705687373
184
0
0
0
1
-1
145
connections
0.2631575
bias
0.421052
disable
0.421052
node
0.475
link
1.9
step
0.095
enable
0.210526
done
1
61
1000000
-1.2473976743043664
187
1
0
0
1
-1
145
connections
0.2631575
bias
0.421052
disable
0.38
node
0.475
link
2.10526
step
0.095
enable
0.210526
done
3
37
1000001
0.5123659869980601
188
1
144
1000001
-0.17597902914028785
6
1
126
1000002
0.5113385840503435
90
1
0
0
1
-1
146
connections
0.2375
bias
0.38
disable
0.38
node
0.526315
link
1.9
step
0.095
enable
0.210526
done
4
106
146
1.0
190
1
55
1000001
0.3832657701074438
85
1
106
1000002
1.9127274433377912
189
0
146
1000002
1.9127274433377912
22
1
0
0
1
-1
145
connections
0.2631575
bias
0.421052
disable
0.38
node
0.526315
link
1.9
step
0.105263
enable
0.210526
done
3
52
1000000
-1.8084191047942282
106
1
24
1000001
1.509641360752433
191
1
144
1000002
1.6244415462316
18
1
0
0
1
-1
146
connections
0.2375
bias
0.421052
disable
0.38
node
0.526315
link
2.10526
step
0.095
enable
0.19
done
5
143
146
1.0
194
1
99
1000000
-1.144080337967039
51
1
143
1000001
0.3476134403926836
193
0
146
1000001
0.3476134403926836
8
1
78
1000002
-0.9640754062600023
192
1
0
0
1
-1
146
connections
0.2375
bias
0.38
disable
0.38
node
0.526315
link
1.9
step
0.105263
enable
0.19
done
5
94
146
1.0
197
1
67
1000000
-1.3822175921832178
196
1
144
1000000
-1.6695073781988325
11
1
94
1000001
-0.005327704488333751
195
0
146
1000001
-0.005327704488333751
8
1
0
0
1
-13.5
145
connections
0.2375
bias
0.38
disable
0.421052
node
0.526315
link
2.10526
step
0.095
enable
0.19
done
3
61
1000000
0.9921776727887717
187
1
144
1000000
1.5909566761218548
11
1
60
1000001
-0.0037111331020356353
198
1
0
0
1
-1
145
connections
0.2375
bias
0.38
disable
0.421052
node
0.475
link
1.9
step
0.105263
enable
0.19
done
2
35
1000000
-1.0589905747939197
199
1
84
1000002
-0.2762842097983391
200
1
0
0
1
-1
145
connections
0.2631575
bias
0.421052
disable
0.421052
node
0.475
link
1.9
step
0.095
enable
0.210526
done
1
120
1000001
-0.10538961331737307
43
1
0
0
1
-13.5
145
connections
0.2631575
bias
0.38
disable
0.421052
node
0.475
link
1.9
step
0.105263
enable
0.210526
done
2
144
1000000
0.5167832235410681
11
1
101
1000002
1.240909451684007
201
1
0
0
1
-1
146
connections
0.2631575
bias
0.421052
disable
0.421052
node
0.475
link
2.10526
step
0.105263
enable
0.210526
done
4
23
146
1.0
204
1
23
1000001
-1.7828899554104316
203
0
146
1000001
-1.7828899554104316
8
1
92
1000002
0.8057926557168478
202
1
0
0
1
-1
146
connections
0.2631575
bias
0.421052
disable
0.421052
node
0.475
link
1.9
step
0.105263
enable
0.210526
done
5
51
146
1.0
167
0
114
1000001
-1.6490069515484818
205
1
51
1000001
-0.43785713478561616
166
0
146
1000001
-0.43785713478561616
8
1
144
1000002
-1.193787359742613
18
1
0
0
1
-1
146
connections
0.2631575
bias
0.421052
disable
0.421052
node
0.475
link
2.10526
step
0.105263
enable
0.19
done
6
65
146
1.0
208
1
65
1000000
1.0089716154453607
24
0
146
1000000
1.0089716154453607
13
1
34
1000001
-1.3938064303527855
206
1
117
1000001
-0.13636467031489552
207
0
144
1000002
-1.4445842059070708
18
1
0
0
1
-1
146
connections
0.2375
bias
0.421052
disable
0.421052
node
0.526315
link
1.9
step
0.105263
enable
0.210526
done
4
92
146
1.0
211
0
130
1000000
1.5543780844513013
209
1
92
1000001
0.4178192363544637
210
0
146
1000001
0.4178192363544637
8
1
0
0
1
-1
146
connections
0.2631575
bias
0.38
disable
0.38
node
0.475
link
1.9
step
0.095
enable
0.19
done
4
115
146
1.0
214
1
54
1000001
0.8174473315056696
212
1
115
1000001
0.029341240200399632
213
0
146
1000001
0.029341240200399632
8
1
0
0
1
1647.5
145
connections
0.2375
bias
0.38
disable
0.421052
node
0.526315
link
1.9
step
0.105263
enable
0.19
done
3
126
1000001
0.5089805808899901
80
1
144
1000001
0.5167857711959356
6
1
8
1000002
1.2668647780666835
160
1
0
0
1
1582.0
145
connections
0.2631575
bias
0.421052
disable
0.38
node
0.475
link
1.9
step
0.095
enable
0.19
done
3
71
1000000
1.4684709814370662
216
1
144
1000001
1.68737054924924
6
1
28
1000002
-0.5292110990055665
215
0
0
0
1
-1
146
connections
0.2631575
bias
0.38
disable
0.421052
node
0.526315
link
2.10526
step
0.105263
enable
0.19
done
5
125
146
1.0
218
1
144
1000000
-0.8443937168865583
11
1
18
1000001
-0.2946714379709259
217
1
125
1000001
1.3761891823512031
140
0
146
1000001
1.3761891823512031
8
1
0
0
1
-1
145
connections
0.2631575
bias
0.38
disable
0.38
node
0.475
link
1.9
step
0.095
enable
0.19
done
2
50
1000000
1.1030138496294097
220
1
94
1000002
-0.9707389815382124
219
1
0
0
1
-13.5
146
connections
0.2375
bias
0.421052
disable
0.38
node
0.475
link
1.9
step
0.095
enable
0.19
done
3
79
146
1.0
222
1
79
1000000
0.6701625642402611
221
0
146
1000000
0.6701625642402611
13
1
0
0
1
-1
146
connections
0.2375
bias
0.421052
disable
0.38
node
0.475
link
2.10526
step
0.095
enable
0.210526
done
5
118
146
1.0
122
1
118
1000001
1.487163830076176
31
0
144
1000001
-1.3260987993074962
6
1
146
1000001
1.487163830076176
8
1
67
1000002
-1.8234699977285964
223
0
0
0
1
-1
145
connections
0.2375
bias
0.421052
disable
0.421052
node
0.526315
link
2.10526
step
0.105263
enable
0.19
done
2
89
1000000
-0.9571769030901067
224
1
26
1000002
1.6690964676416202
67
0
0
0
1
-1
146
connections
0.2631575
bias
0.38
disable
0.421052
node
0.526315
link
2.10526
step
0.105263
enable
0.210526
done
4
96
146
1.0
59
1
96
1000000
1.6989466947527427
171
0
146
1000000
1.6989466947527427
13
1
113
1000002
-0.513649533381273
225
0
0
0
1
1647.5
146
connections
0.2631575
bias
0.38
disable
0.38
node
0.475
link
1.9
step
0.105263
enable
0.210526
done
5
111
146
1.0
139
1
23
1000001
1.1274786429829824
203
1
144
1000001
1.8817161497436272
6
1
111
1000002
-0.010647607459354003
138
0
146
1000002
-0.010647607459354003
22
0
0
0
1
-1
146
connections
0.2375
bias
0.421052
disable
0.38
node
0.475
link
1.9
step
0.105263
enable
0.210526
done
5
68
146
1.0
228
1
68
1000000
0.46555727068270203
227
1
146
1000000
0.46555727068270203
13
1
144
1000001
-0.2794674938227746
6
1
31
1000002
0.6217316709642873
226
0
0
0
1
-1
145
connections
0.2631575
bias
0.421052
disable
0.38
node
0.526315
link
1.9
step
0.105263
enable
0.210526
done
2
96
1000001
0.5039870746121458
229
1
79
1000001
0.6351323432796372
61
0
0
0
1
-1
146
connections
0.2375
bias
0.421052
disable
0.421052
node
0.475
link
1.9
step
0.095
enable
0.19
done
5
142
146
1.0
231
1
144
1000001
-0.16207064202800447
6
1
77
1000002
-1.845019104323569
40
1
142
1000002
-0.1335431016674562
230
0
146
1000002
-0.1335431016674562
22
1
0
0
1
-1
145
connections
0.2375
bias
0.38
disable
0.38
node
0.475
link
1.9
step
0.105263
enable
0.210526
done
2
74
1000001
0.6032089984216253
232
1
1000000
1000002
-0.5940072333514159
233
1
0
0
1
-1
145
connections
0.2631575
bias
0.421052
disable
0.38
node
0.475
link
2.10526
step
0.095
enable
0.19
done
2
118
1000001
-0.8709093740059517
31
0
42
1000001
0.999434628644885
165
1
0
0
1
-1
145
connections
0.2631575
bias
0.38
disable
0.421052
node
0.475
link
1.9
step
0.105263
enable
0.210526
done
3
99
1000002
0.7562456036103136
234
1
91
1000002
-1.834800216073218
17
1
144
1000002
1.042316299038141
18
1
0
0
1
1647.5
145
connections
0.2631575
bias
0.421052
disable
0.38
node
0.475
link
2.10526
step
0.105263
enable
0.210526
done
3
104
1000001
1.1365977145856054
81
1
13
1000001
-0.32924758262202714
161
1
144
1000001
0.9218515573265993
6
1
0
0
1
-13.5
146
connections
0.2631575
bias
0.38
disable
0.421052
node
0.526315
link
2.10526
step
0.095
enable
0.19
done
5
75
146
1.0
236
1
80
1000000
-0.36042170829254117
97
0
144
1000000
1.4694144026439537
11
1
75
1000001
-0.8546825868695307
235
0
146
1000001
-0.8546825868695307
8
1
0
0
1
-1
145
connections
0.2375
bias
0.421052
disable
0.421052
node
0.475
link
1.9
step
0.105263
enable
0.210526
done
2
31
1000000
-1.4377667834572958
62
1
130
1000002
0.5849269925751543
125
1
0
0
1
-1
146
connections
0.2631575
bias
0.421052
disable
0.38
node
0.526315
link
1.9
step
0.105263
enable
0.210526
done
4
94
146
1.0
197
0
96
1000001
-0.22469723648361217
229
1
94
1000002
-1.7484137113659397
219
0
146
1000002
-1.7484137113659397
22
1
0
0
1
-1
145
connections
0.2375
bias
0.421052
disable
0.38
node
0.475
link
2.10526
step
0.105263
enable
0.210526
done
4
120
1000000
-1.3922473125312438
237
1
115
1000000
0.26034923329902426
238
1
140
1000000
-1.0303356908836796
239
1
144
1000001
-1.6280823334997425
6
1
0
0
1
-1
145
connections
0.2631575
bias
0.421052
disable
0.421052
node
0.526315
link
1.9
step
0.095
enable
0.210526
done
2
99
1000001
0.313832016598099
240
1
142
1000001
0.4775424977855418
143
1
0
0
1
1647.5
145
connections
0.2631575
bias
0.421052
disable
0.421052
node
0.475
link
1.9
step
0.105263
enable
0.210526
done
3
136
1000001
-1.94098106714649
241
1
144
1000001
1.2437306612856012
6
1
50
1000002
0.8631248495587642
242
1
0
0
1
-1
146
connections
0.2631575
bias
0.38
disable
0.421052
node
0.526315
link
1.9
step
0.105263
enable
0.210526
done
4
8
146
1.0
244
1
34
1000000
-0.04792718293476206
243
1
8
1000002
0.12611381192207416
160
0
146
1000002
0.12611381192207416
22
1
0
0
1
-1
146
connections
0.2375
bias
0.421052
disable
0.421052
node
0.526315
link
1.9
step
0.095
enable
0.210526
done
4
144
146
1.0
7
0
32
1000001
-0.44630188238602475
245
1
144
1000002
-0.15107142619451164
18
1
146
1000002
-0.15107142619451164
22
1
0
0
1
-1
146
connections
0.2631575
bias
0.421052
disable
0.421052
node
0.526315
link
2.10526
step
0.095
enable
0.19
done
5
32
146
1.0
248
1
144
1000000
-1.7053654645667389
11
1
109
1000001
-0.1651482803776183
246
0
32
1000002
-0.6032377544830965
247
0
146
1000002
-0.6032377544830965
22
1
0
0
1
-13.5
145
connections
0.2631575
bias
0.38
disable
0.38
node
0.475
link
1.9
step
0.105263
enable
0.19
done
3
144
1000000
1.8288662096920643
11
1
70
1000002
-1.8861138840687741
148
1
35
1000002
-0.38693732667004
249
0
0
0
1
-1
145
connections
0.2375
bias
0.421052
disable
0.421052
node
0.475
link
1.9
step
0.095
enable
0.210526
done
1
141
1000001
-0.744508690019329
250
0
0
0
1
-1
146
connections
0.2631575
bias
0.421052
disable
0.38
node
0.475
link
1.9
step
0.105263
enable
0.210526
done
4
66
146
1.0
252
1
66
1000001
1.473006346641896
251
0
146
1000001
1.473006346641896
8
1
2
1000002
-1.031209356613735
49
1
0
0
1
-1
145
connections
0.2631575
bias
0.421052
disable
0.38
node
0.475
link
2.10526
step
0.105263
enable
0.19
done
2
61
1000002
-1.1721186974074698
253
1
43
1000002
0.29605984766819216
254
1
0
0
1
-1
146
connections
0.2375
bias
0.38
disable
0.38
node
0.475
link
1.9
step
0.095
enable
0.19
done
3
122
146
1.0
256
1
122
1000002
0.1486397160954076
255
0
146
1000002
0.1486397160954076
22
1
0
0
1
-1
145
connections
0.2375
bias
0.421052
disable
0.421052
node
0.526315
link
1.9
step
0.105263
enable
0.210526
done
2
79
1000000
-0.14429307027584581
221
1
134
1000001
-0.05429311528526881
257
1
0
0
1
-1
146
connections
0.2631575
bias
0.421052
disable
0.421052
node
0.475
link
1.9
step
0.105263
enable
0.19
done
5
144
146
1.0
7
1
76
1000000
-1.6452360738511733
258
1
1000002
1000001
1.4276750601050763
259
1
144
1000002
-1.7307741638190293
18
0
146
1000002
-1.7307741638190293
22
1
0
0
1
-1
145
connections
0.2631575
bias
0.38
disable
0.421052
node
0.475
link
1.9
step
0.105263
enable
0.210526
done
3
73
1000000
0.7708812175480992
44
1
36
1000001
-1.5990678196762715
260
1
144
1000001
-1.6586861320168205
6
1
0
0
1
-1
146
connections
0.2375
bias
0.38
disable
0.421052
node
0.475
link
1.9
step
0.095
enable
0.210526
done
4
0
146
1.0
263
1
0
1000001
-0.5526788954622006
262
0
146
1000001
-0.5526788954622006
8
0
27
1000002
0.009850077949165481
261
1
0
0
1
-1
146
connections
0.2631575
bias
0.421052
disable
0.421052
node
0.526315
link
1.9
step
0.105263
enable
0.210526
done
3
139
146
1.0
265
1
139
1000001
0.9083911191170255
264
1
146
1000001
0.9083911191170255
8
1
0
0
1
-1
145
connections
0.2375
bias
0.421052
disable
0.421052
node
0.526315
link
2.10526
step
0.095
enable
0.19
done
3
135
1000001
-0.34160337672842944
266
1
36
1000001
-1.96235821358029
260
1
144
1000001
-1.5911584192974662
6
1
0
0
1
-1
145
connections
0.2631575
bias
0.421052
disable
0.38
node
0.475
link
1.9
step
0.095
enable
0.19
done
2
126
1000000
0.054056589425898416
267
1
115
1000001
-0.40107822392282433
213
1
0
0
1
-1
146
connections
0.2375
bias
0.421052
disable
0.421052
node
0.475
link
1.9
step
0.105263
enable
0.210526
done
4
52
146
1.0
269
0
52
1000000
1.5193623653869595
106
0
146
1000000
1.5193623653869595
13
1
53
1000001
0.7545531116264645
268
1
0
0
1
-1
146
connections
0.2375
bias
0.38
disable
0.421052
node
0.475
link
2.10526
step
0.105263
enable
0.210526
done
5
33
146
1.0
73
1
33
1000001
-1.822422131217083
72
0
7
1000001
0.8283893177287487
168
1
146
1000001
-1.822422131217083
8
1
144
1000002
-1.2121715714373824
18
1
0
0
1
-1
146
connections
0.2631575
bias
0.38
disable
0.421052
node
0.475
link
1.9
step
0.105263
enable
0.210526
done
5
114
146
1.0
271
1
114
1000000
-0.9241949489457135
270
0
144
1000000
-0.08441785113322586
11
1
146
1000000
-0.9241949489457135
13
1
10
1000001
1.995755946673826
120
1
0
0
1
-1
145
connections
0.2631575
bias
0.38
disable
0.421052
node
0.475
link
2.10526
step
0.095
enable
0.19
done
2
136
1000000
-1.1657422518143594
32
1
24
1000002
-0.6328862225677785
119
0
0
0
1
-1
146
connections
0.2631575
bias
0.38
disable
0.421052
node
0.526315
link
2.10526
step
0.095
enable
0.210526
done
4
1
146
1.0
272
1
15
1000002
0.8592209143256815
15
1
1
1000002
0.9876440379443947
39
0
146
1000002
0.9876440379443947
22
1
0
0
1
-1
145
connections
0.2631575
bias
0.38
disable
0.421052
node
0.526315
link
1.9
step
0.095
enable
0.210526
done
2
15
1000000
-1.1465578956355942
4
0
79
1000002
1.0220675831277668
273
1
0
0
1
-1
146
connections
0.2631575
bias
0.38
disable
0.38
node
0.526315
link
2.10526
step
0.105263
enable
0.19
done
4
133
146
1.0
275
1
54
1000000
-1.4807062703743212
174
1
133
1000000
1.111888670047104
274
0
146
1000000
1.111888670047104
13
1
0
0
1
-1
145
connections
0.2375
bias
0.38
disable
0.38
node
0.475
link
2.10526
step
0.095
enable
0.19
done
3
50
1000001
-1.460471014239078
276
1
120
1000002
1.0525623196551868
277
1
144
1000002
-0.39885324261814903
18
0
0
0
1
-1
146
connections
0.2631575
bias
0.38
disable
0.38
node
0.526315
link
2.10526
step
0.105263
enable
0.19
done
4
136
146
1.0
279
1
123
1000001
-1.2507134916818563
278
1
136
1000002
0.790612603000961
180
0
146
1000002
0.790612603000961
22
1
0
0
1
-13.5
146
connections
0.2631575
bias
0.38
disable
0.38
node
0.526315
link
2.10526
step
0.095
enable
0.19
done
5
141
146
1.0
281
1
144
1000000
1.729946726422452
11
1
141
1000001
-0.44259629259033284
250
0
146
1000001
-0.44259629259033284
8
1
59
1000002
-1.5301102510700533
280
1
0
0
1
-1
146
connections
0.2375
bias
0.38
disable
0.421052
node
0.475
link
1.9
step
0.105263
enable
0.210526
done
5
108
146
1.0
282
1
108
1000000
-0.6827203899964549
79
1
146
1000000
-0.6827203899964549
13
0
144
1000001
-1.9437411599336785
6
1
42
1000002
-0.08388808746808962
42
1
0
0
1
-1
146
connections
0.2631575
bias
0.38
disable
0.38
node
0.475
link
2.10526
step
0.105263
enable
0.210526
done
5
144
146
1.0
7
1
140
1000001
-1.1156926883988936
283
1
144
1000001
-1.1254351333836072
6
0
146
1000001
-1.1254351333836072
8
1
45
1000002
-0.6691735874174056
169
1
0
0
1
-1
145
connections
0.2631575
bias
0.421052
disable
0.421052
node
0.475
link
2.10526
step
0.105263
enable
0.210526
done
3
144
1000000
-0.03826565540622795
11
1
50
1000001
0.42077144008524314
276
0
113
1000002
1.508014920576592
225
1
0
0
1
-13.5
145
connections
0.2375
bias
0.421052
disable
0.421052
node
0.526315
link
2.10526
step
0.095
enable
0.19
done
3
144
1000000
0.044232203926234614
11
1
128
1000001
-0.49037565484958456
83
1
56
1000002
-1.1122974583974856
284
1
0
0
1
-1
145
connections
0.2375
bias
0.421052
disable
0.421052
node
0.475
link
1.9
step
0.105263
enable
0.19
done
3
144
1000000
1.4031445037396075
11
0
127
1000001
1.3510260007024408
285
1
1000000
1000002
0.06893516669645194
233
1
0
0
1
-1
146
connections
0.2631575
bias
0.421052
disable
0.38
node
0.526315
link
2.10526
step
0.095
enable
0.19
done
5
27
146
1.0
126
1
27
1000000
0.2800707712399517
123
1
48
1000000
-0.5000478516248577
286
1
146
1000000
0.2800707712399517
13
1
3
1000001
0.5412652942171237
287
1
0
0
1
-1
145
connections
0.2375
bias
0.38
disable
0.421052
node
0.475
link
2.10526
step
0.105263
enable
0.19
done
2
124
1000001
-1.1172313989759193
118
1
128
1000002
-1.289671998746401
288
1
0
0
1
-1
145
connections
0.2631575
bias
0.38
disable
0.421052
node
0.475
link
1.9
step
0.105263
enable
0.19
done
1
11
1000001
0.6653635929933777
289
0
0
0
1
-1
146
connections
0.2631575
bias
0.421052
disable
0.38
node
0.526315
link
1.9
step
0.105263
enable
0.19
done
4
27
146
1.0
126
1
27
1000001
-0.21115207312888362
155
0
146
1000001
-0.21115207312888362
8
1
68
1000002
1.6307424157197792
53
1
0
0
1
-1
145
connections
0.2375
bias
0.38
disable
0.38
node
0.475
link
2.10526
step
0.105263
enable
0.19
done
3
100
1000000
-0.8270998456777825
291
1
144
1000000
-1.8150668955735698
11
1
143
1000002
-0.48343052059770164
290
1
0
0
1
-1
146
connections
0.2375
bias
0.421052
disable
0.38
node
0.475
link
2.10526
step
0.095
enable
0.210526
done
4
77
146
1.0
41
1
6
1000000
1.108962541599194
292
1
77
1000001
-1.4963028700923986
293
0
146
1000001
-1.4963028700923986
8
1
0
0
1
-1
145
connections
0.2375
bias
0.38
disable
0.421052
node
0.475
link
1.9
step
0.105263
enable
0.19
done
2
88
1000001
1.594748488650434
294
1
144
1000001
-1.5001755933140046
6
0
0
0
1
-1
146
connections
0.2375
bias
0.38
disable
0.421052
node
0.475
link
2.10526
step
0.105263
enable
0.19
done
4
141
146
1.0
281
1
69
1000000
-1.345576316466849
295
1
141
1000001
-1.5253776124880978
250
0
146
1000001
-1.5253776124880978
8
0
0
0
1
-1
145
connections
0.2631575
bias
0.38
disable
0.421052
node
0.475
link
1.9
step
0.105263
enable
0.210526
done
3
104
1000000
-0.6691117820499843
296
0
105
1000000
0.554857681952873
63
1
144
1000000
-0.4110937876168963
11
1
0
0
1
-1
146
connections
0.2375
bias
0.421052
disable
0.38
node
0.526315
link
1.9
step
0.105263
enable
0.19
done
4
125
146
1.0
218
1
66
1000001
1.5717788321771047
251
1
125
1000001
-0.921309837072354
140
0
146
1000001
-0.921309837072354
8
1
0
0
1
-1
146
connections
0.2631575
bias
0.38
disable
0.38
node
0.475
link
2.10526
step
0.095
enable
0.210526
done
4
94
146
1.0
197
1
38
1000000
-0.16308824428596003
297
1
94
1000001
1.4170267612216043
195
0
146
1000001
1.4170267612216043
8
1
0
0
1
-1
146
connections
0.2631575
bias
0.421052
disable
0.38
node
0.526315
link
1.9
step
0.095
enable
0.19
done
5
26
146
1.0
300
1
4
1000000
0.007817080589269665
298
1
26
1000001
-1.0044428086262638
299
1
146
1000001
-1.0044428086262638
8
1
144
1000002
0.7992199577390897
18
1
0
0
1
-1
145
connections
0.2375
bias
0.38
disable
0.38
node
0.526315
link
1.9
step
0.095
enable
0.19
done
3
109
1000000
1.9413762249429203
302
1
58
1000001
1.0965995389532504
301
1
144
1000002
1.0930704060437413
18
0
0
0
1
-1
146
connections
0.2631575
bias
0.38
disable
0.38
node
0.475
link
1.9
step
0.105263
enable
0.19
done
5
144
146
1.0
7
1
144
1000000
-1.7855349847956385
11
0
146
1000000
-1.7855349847956385
13
1
61
1000001
0.09877801442085365
303
1
55
1000001
1.909931843970735
85
1
0
0
1
-1
146
connections
0.2631575
bias
0.38
disable
0.421052
node
0.526315
link
2.10526
step
0.105263
enable
0.210526
done
6
32
146
1.0
248
1
16
1000001
0.9659382778925876
304
1
50
1000002
-0.8373737142592872
242
1
32
1000002
0.6198062590974232
247
0
144
1000002
-1.8855677309630439
18
1
146
1000002
0.6198062590974232
22
0
0
0
1
1637.5
145
connections
0.2375
bias
0.421052
disable
0.38
node
0.475
link
1.9
step
0.095
enable
0.19
done
3
52
1000000
1.8073185360269641
106
1
121
1000000
1.8275982692216295
305
1
144
1000001
1.2208416056954543
6
1
0
0
1
-1
146
connections
0.2631575
bias
0.421052
disable
0.421052
node
0.526315
link
1.9
step
0.095
enable
0.210526
done
4
65
146
1.0
208
1
1000001
1000002
-1.3893268042342553
19
1
65
1000002
-1.7143015850665608
306
1
146
1000002
-1.7143015850665608
22
1
0
0
1
-1
145
connections
0.2375
bias
0.38
disable
0.421052
node
0.475
link
1.9
step
0.095
enable
0.210526
done
2
8
1000002
-0.919754310290497
160
1
15
1000002
-0.3802250608170299
15
1
0
0
1
-1
146
connections
0.2631575
bias
0.421052
disable
0.38
node
0.526315
link
2.10526
step
0.095
enable
0.19
done
5
73
146
1.0
308
1
9
1000000
0.5131869019732758
307
0
73
1000000
0.5106215244183057
44
0
144
1000000
-1.721652288278238
11
1
146
1000000
0.5106215244183057
13
1
0
0
1
-1
145
connections
0.2631575
bias
0.421052
disable
0.38
node
0.526315
link
2.10526
step
0.105263
enable
0.19
done
2
123
1000000
-0.06845680011294775
176
1
80
1000002
-0.29287600456957064
142
1
0
0
1
-1
146
connections
0.2375
bias
0.421052
disable
0.38
node
0.475
link
2.10526
step
0.105263
enable
0.19
done
4
10
146
1.0
310
1
55
1000001
0.43490741624115836
85
1
10
1000002
-0.8216033016001694
309
0
146
1000002
-0.8216033016001694
22
1
0
0
1
-1
145
connections
0.2375
bias
0.38
disable
0.421052
node
0.526315
link
2.10526
step
0.095
enable
0.210526
done
2
4
1000000
1.668932787997019
298
1
32
1000002
-0.46995548641504925
247
1
0
0
1
-1
145
connections
0.2375
bias
0.38
disable
0.38
node
0.526315
link
1.9
step
0.095
enable
0.19
done
3
136
1000000
-1.143138453836186
32
1
108
1000001
0.489267020870078
173
1
144
1000002
0.4821074006200834
18
1
0
0
1
-1
146
connections
0.2375
bias
0.421052
disable
0.38
node
0.526315
link
1.9
step
0.105263
enable
0.210526
done
4
52
146
1.0
269
1
52
1000001
0.7898665531833702
312
1
146
1000001
0.7898665531833702
8
1
105
1000002
1.8288419621712881
311
1
0
0
1
-1
146
connections
0.2375
bias
0.421052
disable
0.38
node
0.475
link
1.9
step
0.095
enable
0.19
done
5
144
146
1.0
7
1
10
1000000
-0.8634093411846573
314
1
119
1000002
1.6667597837460328
313
0
144
1000002
0.0688888000389265
18
0
146
1000002
0.0688888000389265
22
1
0
0
1
1637.5
145
connections
0.2375
bias
0.38
disable
0.38
node
0.526315
link
1.9
step
0.105263
enable
0.19
done
3
67
1000001
0.2518721583977186
315
0
144
1000001
1.3708922728738866
6
1
92
1000002
-1.2743484299603884
202
1
0
0
1
-1
145
connections
0.2375
bias
0.38
disable
0.421052
node
0.475
link
1.9
step
0.105263
enable
0.210526
done
2
99
1000001
0.48029438401804114
240
1
120
1000001
-1.412962736839456
43
0
0
0
1
-1
146
connections
0.2631575
bias
0.38
disable
0.38
node
0.475
link
2.10526
step
0.105263
enable
0.19
done
4
19
146
1.0
66
1
98
1000000
-1.656393468214616
316
1
19
1000000
1.1113419997653202
65
0
146
1000000
1.1113419997653202
13
1
0
0
1
-1
146
connections
0.2631575
bias
0.38
disable
0.38
node
0.526315
link
1.9
step
0.105263
enable
0.210526
done
4
94
146
1.0
197
1
106
1000001
1.4601450572076442
317
1
94
1000002
-0.8881291764777219
219
1
146
1000002
-0.8881291764777219
22
1
0
0
1
1637.5
146
connections
0.2631575
bias
0.38
disable
0.421052
node
0.475
link
2.10526
step
0.105263
enable
0.19
done
5
144
146
1.0
7
1
1
1000001
0.8624475716158546
318
0
124
1000001
-0.6494981916301334
118
1
144
1000001
0.6420144213296641
6
0
146
1000001
0.6420144213296641
8
1
0
0
1
-1
145
connections
0.2631575
bias
0.421052
disable
0.38
node
0.526315
link
2.10526
step
0.105263
enable
0.19
done
3
144
1000000
-0.2833405613107267
11
1
68
1000001
-0.30785196923879177
319
1
44
1000001
1.4933555851606797
37
1
0
0
1
-1
146
connections
0.2631575
bias
0.421052
disable
0.421052
node
0.475
link
1.9
step
0.095
enable
0.210526
done
4
141
146
1.0
281
0
141
1000000
0.0054311781955243
320
0
93
1000000
0.8270693789285009
321
1
146
1000000
0.0054311781955243
13
1
0
0
1
-1
145
connections
0.2375
bias
0.38
disable
0.421052
node
0.526315
link
1.9
step
0.095
enable
0.19
done
2
110
1000001
-1.7531287368326085
322
1
32
1000001
-0.8650698657398119
245
1
0
0
1
-1
146
connections
0.2375
bias
0.421052
disable
0.421052
node
0.526315
link
2.10526
step
0.105263
enable
0.210526
done
4
70
146
1.0
150
1
121
1000000
-1.5069811346230626
305
1
70
1000001
-1.5061028846631688
323
0
146
1000001
-1.5061028846631688
8
1
0
0
1
-1
145
connections
0.2631575
bias
0.38
disable
0.38
node
0.475
link
2.10526
step
0.095
enable
0.19
done
2
85
1000000
0.41145238302038845
105
1
15
1000002
0.36600655834583007
15
1
0
0
1
1637.5
145
connections
0.2631575
bias
0.421052
disable
0.421052
node
0.526315
link
2.10526
step
0.105263
enable
0.19
done
3
89
1000000
-0.4624197362031923
224
0
144
1000001
0.7693700310579485
6
1
21
1000002
-0.9137167265422912
151
1
0
0
1
-1
146
connections
0.2375
bias
0.421052
disable
0.38
node
0.475
link
1.9
step
0.095
enable
0.19
done
5
41
146
1.0
326
1
57
1000000
0.9977272964925943
324
1
41
1000000
-1.4118680324153514
325
0
146
1000000
-1.4118680324153514
13
1
144
1000002
-1.8144175140040657
18
1
0
0
1
-1
146
connections
0.2631575
bias
0.421052
disable
0.421052
node
0.526315
link
2.10526
step
0.095
enable
0.19
done
4
91
146
1.0
186
1
91
1000000
0.002630620648871318
133
0
146
1000000
0.002630620648871318
13
0
21
1000001
1.5011681752175372
101
1
0
0
1
-1
145
connections
0.2375
bias
0.38
disable
0.38
node
0.475
link
2.10526
step
0.105263
enable
0.210526
done
2
120
1000001
1.2710013921054872
43
1
45
1000002
-0.7813505499491145
169
1
0
0
1
-1
145
connections
0.2631575
bias
0.421052
disable
0.38
node
0.475
link
2.10526
step
0.105263
enable
0.210526
done
2
40
1000000
1.0080237837131354
89
1
97
1000000
0.8901999362194348
327
1
0
0
1
-1
146
connections
0.2631575
bias
0.38
disable
0.421052
node
0.526315
link
1.9
step
0.095
enable
0.19
done
4
120
146
1.0
329
1
120
1000001
0.13420261763960895
43
0
146
1000001
0.13420261763960895
8
1
39
1000002
0.22119811952369695
328
0
0
0
1
-1
146
connections
0.2631575
bias
0.421052
disable
0.421052
node
0.475
link
1.9
step
0.105263
enable
0.210526
done
4
25
146
1.0
332
1
78
1000000
-0.7448211382594092
330
1
25
1000001
-0.5967058851087375
331
0
146
1000001
-0.5967058851087375
8
1
0
0
1
-1
146
connections
0.2631575
bias
0.421052
disable
0.38
node
0.475
link
2.10526
step
0.095
enable
0.210526
done
5
90
146
1.0
47
1
90
1000001
-1.1537513771134336
333
0
144
1000001
-0.9096952513428613
6
1
146
1000001
-1.1537513771134336
8
1
47
1000002
1.8863129340581835
334
1
0
0
1
-1
146
connections
0.2375
bias
0.38
disable
0.421052
node
0.475
link
2.10526
step
0.095
enable
0.19
done
5
144
146
1.0
7
1
122
1000000
0.46704897803857737
335
1
24
1000002
0.6108966478946676
119
1
144
1000002
0.4172719647363361
18
0
146
1000002
0.4172719647363361
22
1
0
0
1
-1
145
connections
0.2631575
bias
0.38
disable
0.421052
node
0.526315
link
1.9
step
0.105263
enable
0.19
done
3
144
1000000
-1.5707269680597609
11
1
41
1000002
-0.1936819703438224
336
1
144
1000002
0.21950534122558185
18
1
0
0
1
-1
145
connections
0.2375
bias
0.38
disable
0.38
node
0.526315
link
1.9
step
0.105263
enable
0.210526
done
2
8
1000001
1.7085356145567627
337
1
144
1000002
0.4521988238672181
18
1
0
0
1
-1
146
connections
0.2631575
bias
0.421052
disable
0.38
node
0.526315
link
2.10526
step
0.095
enable
0.210526
done
5
144
146
1.0
7
1
86
1000002
-0.1166870956833086
338
1
5
1000002
-0.4107948240290513
110
0
144
1000002
1.8686502682983641
18
1
146
1000002
1.8686502682983641
22
1
0
0
1
-1
146
connections
0.2375
bias
0.421052
disable
0.421052
node
0.526315
link
2.10526
step
0.105263
enable
0.19
done
5
132
146
1.0
340
0
122
1000000
1.757459799049243
335
1
144
1000000
-0.3338913304487545
11
1
132
1000001
-1.7032819289117676
339
0
146
1000001
-1.7032819289117676
8
1
0
0
1
-1
146
connections
0.2375
bias
0.421052
disable
0.38
node
0.526315
link
1.9
step
0.095
enable
0.19
done
4
73
146
1.0
308
1
120
1000002
1.083018436672404
277
1
73
1000002
0.5755378792073009
162
0
146
1000002
0.5755378792073009
22
1
0
0
1
-13.5
145
connections
0.2375
bias
0.38
disable
0.38
node
0.526315
link
2.10526
step
0.095
enable
0.19
done
2
80
1000000
0.2759122783646788
97
1
11
1000001
-0.5087802722126789
289
0
0
0
1
-1
146
connections
0.2631575
bias
0.38
disable
0.38
node
0.526315
link
2.10526
step
0.105263
enable
0.210526
done
4
143
146
1.0
194
1
143
1000001
-1.0915533663609058
193
0
146
1000001
-1.0915533663609058
8
1
20
1000002
-1.440814638042203
341
1
0
0
1
-1
146
connections
0.2631575
bias
0.421052
disable
0.421052
node
0.526315
link
1.9
step
0.105263
enable
0.19
done
4
66
146
1.0
252
1
66
1000000
1.950849188314145
64
0
146
1000000
1.950849188314145
13
1
98
1000002
1.5122433449669432
182
1
0
0
1
-1
146
connections
0.2375
bias
0.421052
disable
0.421052
node
0.526315
link
1.9
step
0.095
enable
0.19
done
4
142
146
1.0
231
1
142
1000001
1.7046385655799194
143
0
146
1000001
1.7046385655799194
8
1
60
1000002
-1.8718871291242682
342
1
0
0
1
-1
145
connections
0.2375
bias
0.421052
disable
0.38
node
0.526315
link
1.9
step
0.095
enable
0.19
done
2
65
1000000
1.1785382774674944
24
1
28
1000000
-0.9285194124250031
144
1
0
0
1
-1
146
connections
0.2631575
bias
0.38
disable
0.421052
node
0.475
link
2.10526
step
0.095
enable
0.19
done
5
84
146
1.0
344
0
95
1000000
-0.7589641101470503
33
1
84
1000001
-1.7898157090827436
343
0
146
1000001
-1.7898157090827436
8
1
136
1000002
-0.42486116465000956
180
1
0
0
1
-1
146
connections
0.2375
bias
0.421052
disable
0.38
node
0.526315
link
2.10526
step
0.105263
enable
0.19
done
4
18
146
1.0
346
1
18
1000000
0.04387983870132928
345
0
146
1000000
0.04387983870132928
13
1
13
1000001
-0.6671701991547807
161
1
0
0
1
1637.5
145
connections
0.2631575
bias
0.421052
disable
0.421052
node
0.526315
link
1.9
step
0.105263
enable
0.19
done
3
37
1000000
-1.1516099787730907
14
1
58
1000001
0.17748466946255448
301
1
144
1000001
0.9417832372640222
6
1
0
0
1
-1
146
connections
0.2631575
bias
0.421052
disable
0.38
node
0.475
link
1.9
step
0.095
enable
0.19
done
4
144
146
1.0
7
1
90
1000000
-0.381345898548358
347
1
144
1000002
-0.395551600810669
18
0
146
1000002
-0.395551600810669
22
1
0
0
1
1637.5
146
connections
0.2631575
bias
0.421052
disable
0.38
node
0.475
link
2.10526
step
0.105263
enable
0.210526
done
5
25
146
1.0
332
0
25
1000001
0.9436233147807878
331
1
144
1000001
1.6111852462039362
6
1
146
1000001
0.9436233147807878
8
1
25
1000002
-1.9748282315595103
348
1
0
0
1
-1
146
connections
0.2375
bias
0.421052
disable
0.38
node
0.475
link
1.9
step
0.095
enable
0.210526
done
4
60
146
1.0
350
1
60
1000000
1.9165055875611725
349
0
146
1000000
1.9165055875611725
13
1
72
1000001
1.0704568137622177
69
1
0
0
1
-1
146
connections
0.2375
bias
0.38
disable
0.421052
node
0.475
link
1.9
step
0.105263
enable
0.210526
done
4
44
146
1.0
156
1
44
1000001
1.8524369611675087
37
0
146
1000001
1.8524369611675087
8
1
45
1000002
-1.2080254612105876
169
0
0
0
1
-1
145
connections
0.2375
bias
0.421052
disable
0.421052
node
0.526315
link
1.9
step
0.095
enable
0.19
done
2
106
1000000
0.38951734610949584
351
1
111
1000002
1.329760357316109
138
1
0
0
1
1637.5
146
connections
0.2375
bias
0.38
disable
0.421052
node
0.475
link
1.9
step
0.105263
enable
0.210526
done
5
26
146
1.0
300
1
26
1000001
-1.6964762805212872
299
0
144
1000001
1.638161031312794
6
1
146
1000001
-1.6964762805212872
8
1
114
1000002
-1.9642956001267837
352
0
0
0
1
-1
145
connections
0.2631575
bias
0.38
disable
0.421052
node
0.526315
link
1.9
step
0.095
enable
0.19
done
3
144
1000000
0.6874164044426472
11
1
47
1000001
1.3704364264135394
109
1
65
1000001
1.9663572646122391
353
1
0
0
1
-1
146
connections
0.2631575
bias
0.421052
disable
0.421052
node
0.526315
link
1.9
step
0.095
enable
0.19
done
4
2
146
1.0
50
1
128
1000002
1.9048734763637643
288
1
2
1000002
-1.771021726350324
49
0
146
1000002
-1.771021726350324
22
1
0
0
1
-1
145
connections
0.2375
bias
0.421052
disable
0.421052
node
0.475
link
2.10526
step
0.105263
enable
0.19
done
2
141
1000001
1.4616455468380427
250
1
112
1000002
1.8537602369923696
354
1
0
0
1
-1
146
connections
0.2375
bias
0.38
disable
0.421052
node
0.526315
link
1.9
step
0.105263
enable
0.19
done
4
102
146
1.0
172
1
102
1000000
-1.9671989423718452
170
0
146
1000000
-1.9671989423718452
13
0
102
1000001
-1.088393702795853
177
1
0
0
1
-1
146
connections
0.2375
bias
0.38
disable
0.38
node
0.475
link
2.10526
step
0.095
enable
0.210526
done
4
131
146
1.0
129
1
131
1000001
-1.2796496215215574
127
0
44
1000001
0.1994038091645418
37
1
146
1000001
-1.2796496215215574
8
0
0
0
1
-1
145
connections
0.2375
bias
0.421052
disable
0.421052
node
0.475
link
2.10526
step
0.105263
enable
0.19
done
2
77
1000001
-1.9689867836695232
293
1
23
1000002
-0.20811563408431466
355
0
0
0
1
-1
146
connections
0.2631575
bias
0.38
disable
0.421052
node
0.475
link
2.10526
step
0.105263
enable
0.210526
done
4
54
146
1.0
356
1
54
1000000
0.4179893638055825
174
0
146
1000000
0.4179893638055825
13
1
102
1000001
0.5486678066060215
177
1
0
0
1
-1
145
connections
0.2631575
bias
0.421052
disable
0.421052
node
0.475
link
1.9
step
0.105263
enable
0.210526
done
2
115
1000000
1.7173379209478443
238
1
110
1000002
1.2451024943107933
357
1
0
0
1
-1
145
connections
0.2631575
bias
0.38
disable
0.38
node
0.475
link
2.10526
step
0.105263
enable
0.210526
done
2
58
1000000
-1.3660081453329807
358
1
42
1000002
0.2010325050546551
42
0
0
0
1
-1
145
connections
0.2375
bias
0.38
disable
0.38
node
0.475
link
2.10526
step
0.105263
enable
0.19
done
3
1000000
1000000
1.0351369108035855
360
1
116
1000001
-0.18194626531991975
359
1
144
1000002
-0.7151862724357305
18
0
0
0
1
-13.5
146
connections
0.2631575
bias
0.421052
disable
0.38
node
0.526315
link
1.9
step
0.095
enable
0.19
done
5
144
146
1.0
7
1
144
1000000
1.5585438918050567
11
0
146
1000000
1.5585438918050567
13
1
122
1000002
0.973057348669299
255
1
16
1000002
-0.5452326719219607
361
1
0
0
1
-1
145
connections
0.2375
bias
0.421052
disable
0.38
node
0.526315
link
2.10526
step
0.105263
enable
0.19
done
3
4
1000000
-0.05273208489063519
298
1
144
1000001
-0.7718029842657699
6
1
116
1000002
-0.280282560917974
362
1
0
0
1
1647.5
146
connections
0.2375
bias
0.38
disable
0.38
node
0.526315
link
1.9
step
0.095
enable
0.210526
done
5
130
146
1.0
363
1
130
1000000
0.10716695104630425
209
0
34
1000000
-1.765176255476335
243
0
146
1000000
0.10716695104630425
13
1
144
1000001
0.3991539806420552
6
1
0
0
1
-1
146
connections
0.2631575
bias
0.38
disable
0.421052
node
0.526315
link
2.10526
step
0.095
enable
0.210526
done
5
111
146
1.0
139
1
74
1000000
-1.461210334828491
364
1
144
1000001
-1.1554967167639743
6
1
111
1000002
1.9438107989621036
138
0
146
1000002
1.9438107989621036
22
1
0
0
1
-1
145
connections
0.2631575
bias
0.38
disable
0.38
node
0.475
link
2.10526
step
0.105263
enable
0.210526
done
2
59
1000000
0.910682614732194
365
1
95
1000002
1.0674154664034692
366
1
0
0
1
-311.0
145
connections
0.2631575
bias
0.421052
disable
0.38
node
0.475
link
1.9
step
0.095
enable
0.210526
done
3
96
1000000
0.020801913379150605
171
1
113
1000001
1.30083281350635
367
1
144
1000002
1.1788620505127563
18
1
0
0
1
-1
145
connections
0.2631575
bias
0.38
disable
0.421052
node
0.475
link
1.9
step
0.105263
enable
0.210526
done
3
64
1000002
-0.9696163917575107
368
1
8
1000002
0.40569948196870076
160
1
144
1000002
1.7617684648334557
18
1
0
0
1
-1
145
connections
0.2375
bias
0.38
disable
0.421052
node
0.475
link
1.9
step
0.105263
enable
0.19
done
2
105
1000002
-1.339703201856147
311
1
18
1000002
0.06827073211616375
159
1
0
0
1
-1
145
connections
0.2631575
bias
0.421052
disable
0.421052
node
0.475
link
2.10526
step
0.105263
enable
0.19
done
3
65
1000000
-1.920626100227759
24
1
22
1000002
-0.7688175185577255
369
1
144
1000002
0.16490392941478493
18
1
0
0
1
-1
146
connections
0.2375
bias
0.38
disable
0.421052
node
0.526315
link
1.9
step
0.105263
enable
0.19
done
5
104
146
1.0
370
1
104
1000000
-0.1613879512408647
296
0
146
1000000
-0.1613879512408647
13
0
144
1000001
-0.9474362906563378
6
1
26
1000002
-0.5414518557303709
67
1
0
0
1
-1
145
connections
0.2631575
bias
0.38
disable
0.421052
node
0.526315
link
2.10526
step
0.105263
enable
0.210526
done
2
17
1000000
0.9109181019362884
136
1
129
1000002
0.765341388463789
371
1
0
0
1
-1
145
connections
0.2631575
bias
0.38
disable
0.421052
node
0.526315
link
2.10526
step
0.095
enable
0.210526
done
2
14
1000000
-0.9095483486827174
25
0
48
1000001
0.651251873338031
372
1
0
0
1
-1
145
connections
0.2631575
bias
0.38
disable
0.38
node
0.475
link
1.9
step
0.105263
enable
0.210526
done
2
9
1000000
-1.1186415209197245
307
1
95
1000000
-0.16119594529465742
33
1
0
0
1
-1
145
connections
0.2631575
bias
0.38
disable
0.421052
node
0.475
link
1.9
step
0.105263
enable
0.19
done
2
14
1000000
-1.9809083421975853
25
1
144
1000001
-1.8093389345623296
6
1
0
0
1
-1
146
connections
0.2631575
bias
0.38
disable
0.421052
node
0.526315
link
1.9
step
0.105263
enable
0.210526
done
4
112
146
1.0
373
1
26
1000001
-0.9047181526195258
299
0
112
1000002
0.029979943298753753
354
0
146
1000002
0.029979943298753753
22
1
0
0
1
-1
146
connections
0.2631575
bias
0.38
disable
0.38
node
0.475
link
1.9
step
0.105263
enable
0.210526
done
5
22
146
1.0
375
1
22
1000000
1.761277898729543
374
0
146
1000000
1.761277898729543
13
1
24
1000001
1.4167263231047742
191
1
144
1000002
-1.8766358166066408
18
1
0
0
1
-1
145
connections
0.2375
bias
0.421052
disable
0.421052
node
0.526315
link
2.10526
step
0.095
enable
0.210526
done
2
117
1000000
0.06110016672480478
130
0
31
1000002
1.539687172911803
226
1
0
0
1
-1
146
connections
0.2631575
bias
0.38
disable
0.38
node
0.475
link
1.9
step
0.095
enable
0.19
done
4
86
146
1.0
181
1
116
1000000
-1.5441581376080427
376
1
86
1000002
-0.9698934848487917
338
0
146
1000002
-0.9698934848487917
22
1
0
0
1
-1
145
connections
0.2631575
bias
0.421052
disable
0.421052
node
0.475
link
1.9
step
0.105263
enable
0.19
done
2
89
1000002
-1.5656985146620959
377
1
82
1000002
-1.213095863855691
378
1
0
0
1
-1
146
connections
0.2375
bias
0.38
disable
0.421052
node
0.526315
link
2.10526
step
0.105263
enable
0.210526
done
4
54
146
1.0
356
1
54
1000000
-0.5606880379590438
174
0
146
1000000
-0.5606880379590438
13
1
135
1000002
-1.8913934387368303
60
1
0
0
1
-1
146
connections
0.2375
bias
0.421052
disable
0.38
node
0.475
link
1.9
step
0.105263
enable
0.210526
done
4
115
146
1.0
214
1
115
1000002
0.7768543766231066
135
0
125
1000002
1.3782465802693205
379
1
146
1000002
0.7768543766231066
22
1
0
0
1
-1
146
connections
0.2375
bias
0.421052
disable
0.38
node
0.526315
link
2.10526
step
0.095
enable
0.19
done
4
11
146
1.0
76
1
2
1000001
-1.9239246405599757
380
1
11
1000001
0.776548112444722
289
0
146
1000001
0.776548112444722
8
1
0
0
1
-1
145
connections
0.2375
bias
0.38
disable
0.421052
node
0.526315
link
1.9
step
0.095
enable
0.19
done
2
1
1000000
1.3704903727722368
164
1
69
1000002
1.5184795731876854
381
1
0
0
1
-1
146
connections
0.2631575
bias
0.38
disable
0.38
node
0.526315
link
1.9
step
0.095
enable
0.19
done
4
25
146
1.0
332
1
25
1000000
0.107977554343341
382
0
146
1000000
0.107977554343341
13
1
105
1000002
-0.1585392309810194
311
1
0
0
1
1637.5
145
connections
0.2631575
bias
0.38
disable
0.421052
node
0.475
link
1.9
step
0.095
enable
0.210526
done
3
127
1000001
1.7292442690527223
285
0
105
1000001
-0.12279474163291937
383
1
144
1000001
1.3135468934194003
6
1
0
0
1
1637.5
145
connections
0.2375
bias
0.38
disable
0.421052
node
0.475
link
2.10526
step
0.095
enable
0.210526
done
3
28
1000000
0.7070651641888523
144
1
144
1000001
0.7585521138487463
6
1
58
1000002
-0.17613216016683086
384
1
0
0
1
-1
146
connections
0.2375
bias
0.421052
disable
0.38
node
0.526315
link
1.9
step
0.105263
enable
0.210526
done
4
19
146
1.0
66
1
73
1000000
1.4306838352262452
44
1
19
1000002
-1.9512530068651102
385
0
146
1000002
-1.9512530068651102
22
0
0
0
1
-1
146
connections
0.2631575
bias
0.421052
disable
0.421052
node
0.526315
link
1.9
step
0.095
enable
0.19
done
4
133
146
1.0
275
1
95
1000001
-0.9645275076488127
387
1
133
1000002
-0.102375394247737
386
0
146
1000002
-0.102375394247737
22
1
0
0
1
-1
145
connections
0.2375
bias
0.421052
disable
0.421052
node
0.526315
link
2.10526
step
0.095
enable
0.19
done
2
138
1000002
-1.2614886614341123
388
1
43
1000002
1.5061769515301249
254
0
0
0
1
-1
145
connections
0.2375
bias
0.38
disable
0.421052
node
0.526315
link
2.10526
step
0.105263
enable
0.19
done
2
106
1000000
-0.6054069518261178
351
1
126
1000001
-1.6517148086723101
80
1
0
0
1
-1
145
connections
0.2375
bias
0.38
disable
0.38
node
0.475
link
1.9
step
0.095
enable
0.210526
done
2
41
1000000
1.4829849115620415
325
1
33
1000001
-0.2193098155766453
72
0
0
0
1
-1
146
connections
0.2631575
bias
0.421052
disable
0.421052
node
0.475
link
2.10526
step
0.095
enable
0.19
done
4
127
146
1.0
390
1
127
1000000
-0.05192830877428589
389
0
146
1000000
-0.05192830877428589
13
1
75
1000001
-1.8924968618475768
235
1
0
0
1
-1
145
connections
0.2375
bias
0.421052
disable
0.38
node
0.475
link
2.10526
step
0.105263
enable
0.210526
done
3
26
1000000
0.34755771593995766
391
1
2
1000001
-0.23562751711551266
380
1
144
1000002
0.6517638647537116
18
1
0
0
1
-1
145
connections
0.2375
bias
0.38
disable
0.421052
node
0.526315
link
1.9
step
0.095
enable
0.210526
done
3
109
1000001
1.1421057867094926
246
1
18
1000002
0.013179018796828146
159
1
144
1000002
-1.5522459199918517
18
1
0
0
1
-1
145
connections
0.2375
bias
0.38
disable
0.38
node
0.526315
link
2.10526
step
0.105263
enable
0.19
done
3
132
1000000
0.9302004366283265
5
1
144
1000000
-0.9844892790504667
11
1
75
1000002
-1.4785483228981118
392
1
0
0
1
-1
146
connections
0.2375
bias
0.38
disable
0.38
node
0.526315
link
2.10526
step
0.105263
enable
0.210526
done
4
106
146
1.0
190
1
106
1000000
-1.2276478743367765
351
0
146
1000000
-1.2276478743367765
13
1
107
1000002
1.8664476325839976
107
1
0
0
1
-1
145
connections
0.2375
bias
0.38
disable
0.38
node
0.475
link
1.9
step
0.095
enable
0.210526
done
2
59
1000001
-0.040485035747028775
393
1
17
1000002
-0.09362143043265814
87
1
0
0
1
-1
145
connections
0.2375
bias
0.38
disable
0.421052
node
0.526315
link
2.10526
step
0.105263
enable
0.19
done
3
96
1000001
1.451269127596801
229
1
10
1000001
-0.8399840252577917
120
1
144
1000001
-1.8772097475542435
6
1
0
0
1
-1
146
connections
0.2631575
bias
0.421052
disable
0.421052
node
0.526315
link
1.9
step
0.105263
enable
0.19
done
4
44
146
1.0
156
1
121
1000002
0.8296967671876518
394
1
44
1000002
-1.8886349662550992
395
0
146
1000002
-1.8886349662550992
22
1
0
0
1
-1
146
connections
0.2631575
bias
0.421052
disable
0.421052
node
0.475
link
2.10526
step
0.105263
enable
0.210526
done
4
73
146
1.0
308
1
73
1000000
-1.0104909391190424
44
0
146
1000000
-1.0104909391190424
13
1
142
1000001
1.4698822440930623
143
1
0
0
1
-1
146
connections
0.2631575
bias
0.38
disable
0.421052
node
0.475
link
2.10526
step
0.105263
enable
0.19
done
4
50
146
1.0
397
1
50
1000000
1.383379250409626
220
0
128
1000000
-0.08260922974477314
396
1
146
1000000
1.383379250409626
13
0
0
0
1
-13.5
145
connections
0.2375
bias
0.38
disable
0.38
node
0.475
link
2.10526
step
0.105263
enable
0.210526
done
3
5
1000000
0.9684751652550863
108
0
144
1000000
0.417012782289381
11
1
123
1000001
-1.6237552737531171
278
1
0
0
1
-1
146
connections
0.2375
bias
0.38
disable
0.421052
node
0.526315
link
1.9
step
0.105263
enable
0.19
done
5
69
146
1.0
400
1
69
1000001
-1.5935829580243919
399
0
146
1000001
-1.5935829580243919
8
1
132
1000002
0.3578547218024033
398
1
144
1000002
-0.8937185019792082
18
0
0
0
1
-1
145
connections
0.2631575
bias
0.38
disable
0.421052
node
0.526315
link
2.10526
step
0.105263
enable
0.210526
done
2
1
1000000
-0.703342462411876
164
1
41
1000000
0.2505965460223991
325
1
0
0
1
-1
146
connections
0.2375
bias
0.38
disable
0.38
node
0.475
link
2.10526
step
0.105263
enable
0.210526
done
5
138
146
1.0
402
1
138
1000000
1.780485158544645
401
0
146
1000000
1.780485158544645
13
0
28
1000001
-0.771279626666177
149
1
144
1000002
1.2982535526590078
18
1
0
0
1
-1
146
connections
0.2631575
bias
0.421052
disable
0.38
node
0.526315
link
2.10526
step
0.095
enable
0.210526
done
4
14
146
1.0
405
0
80
1000001
-1.275174184768197
404
1
14
1000002
1.0603012572083075
403
0
146
1000002
1.0603012572083075
22
1
0
0
1
-1
146
connections
0.2631575
bias
0.421052
disable
0.421052
node
0.526315
link
1.9
step
0.105263
enable
0.19
done
5
26
146
1.0
300
1
26
1000000
-0.6032591221872896
391
1
144
1000000
-0.936201542382948
11
1
146
1000000
-0.6032591221872896
13
1
89
1000002
0.5752888747582032
377
1
0
0
1
-1
146
connections
0.2375
bias
0.421052
disable
0.421052
node
0.526315
link
1.9
step
0.095
enable
0.210526
done
4
134
146
1.0
96
1
31
1000000
-1.1007511637232184
62
1
134
1000002
0.2397144353800904
406
0
146
1000002
0.2397144353800904
22
1
0
0
1
-1
145
connections
0.2375
bias
0.421052
disable
0.421052
node
0.526315
link
2.10526
step
0.095
enable
0.19
done
2
3
1000000
-0.9557587836287027
407
1
69
1000002
-0.7452814593032029
381
1
0
0
1
-1
145
connections
0.2631575
bias
0.38
disable
0.38
node
0.526315
link
1.9
step
0.095
enable
0.210526
done
2
101
1000000
-0.36090892635735683
141
1
128
1000002
-0.6227929424623246
288
0
0
0
1
-13.5
146
connections
0.2631575
bias
0.38
disable
0.38
node
0.526315
link
1.9
step
0.105263
enable
0.210526
done
3
76
146
1.0
408
1
76
1000000
1.6896335463784347
258
1
146
1000000
1.6896335463784347
13
1
0
0
1
-1
145
connections
0.2375
bias
0.421052
disable
0.421052
node
0.475
link
1.9
step
0.095
enable
0.19
done
2
103
1000001
-0.3698030170695259
409
0
57
1000001
0.7015139894082152
410
1
0
0
1
-1
146
connections
0.2631575
bias
0.421052
disable
0.421052
node
0.526315
link
1.9
step
0.105263
enable
0.210526
done
4
18
146
1.0
346
1
131
1000000
0.5596953222470864
411
1
18
1000000
-1.40790644404006
345
0
146
1000000
-1.40790644404006
13
1
0
0
1
-1
145
connections
0.2631575
bias
0.38
disable
0.38
node
0.475
link
1.9
step
0.095
enable
0.210526
done
2
106
1000001
-1.6691517470041402
317
1
18
1000001
0.3960549437481502
217
0
0
0
1
-1
145
connections
0.2375
bias
0.38
disable
0.38
node
0.526315
link
2.10526
step
0.105263
enable
0.210526
done
3
13
1000000
-0.5756389924416769
412
1
144
1000001
-1.138326187621446
6
1
37
1000002
0.4831113929950641
104
1
0
0
1
-1
145
connections
0.2375
bias
0.421052
disable
0.38
node
0.475
link
1.9
step
0.105263
enable
0.19
done
3
138
1000001
-0.3759936196860858
413
1
75
1000002
1.7518532077566848
392
0
144
1000002
-0.1096836502043641
18
1
0
0
1
-1
146
connections
0.2375
bias
0.38
disable
0.38
node
0.526315
link
2.10526
step
0.105263
enable
0.19
done
5
124
146
1.0
415
1
124
1000000
-0.914784609344816
414
0
146
1000000
-0.914784609344816
13
1
1
1000001
0.793160495068137
318
1
144
1000002
-1.8498778940379617
18
1
0
0
1
-13.5
145
connections
0.2631575
bias
0.421052
disable
0.421052
node
0.475
link
2.10526
step
0.095
enable
0.210526
done
3
57
1000000
0.48635631273509583
324
1
98
1000000
-0.07038951088010936
316
1
144
1000000
0.14143215530149034
11
1
0
0
1
-1
146
connections
0.2375
bias
0.421052
disable
0.421052
node
0.475
link
1.9
step
0.105263
enable
0.19
done
4
124
146
1.0
415
1
111
1000001
1.739631785529466
417
1
124
1000002
1.9940601988774822
416
0
146
1000002
1.9940601988774822
22
1
0
0
1
-1
146
connections
0.2631575
bias
0.421052
disable
0.421052
node
0.526315
link
1.9
step
0.105263
enable
0.210526
done
4
84
146
1.0
344
1
84
1000001
0.9577248579857391
343
0
118
1000001
1.190622058688119
31
0
146
1000001
0.9577248579857391
8
1
0
0
1
1637.5
145
connections
0.2631575
bias
0.421052
disable
0.38
node
0.475
link
2.10526
step
0.105263
enable
0.210526
done
3
61
1000001
1.755905333400206
303
1
144
1000001
1.4963711030924984
6
1
142
1000002
0.8137805905394591
230
0
0
0
1
-1
146
connections
0.2631575
bias
0.38
disable
0.38
node
0.526315
link
1.9
step
0.095
enable
0.19
done
5
34
146
1.0
418
1
34
1000000
1.6087084412687318
243
0
146
1000000
1.6087084412687318
13
1
144
1000001
0.6778293379201501
6
0
73
1000002
1.7861261357220237
162
1
0
0
1
-1
146
connections
0.2375
bias
0.38
disable
0.421052
node
0.526315
link
2.10526
step
0.105263
enable
0.210526
done
4
129
146
1.0
420
1
129
1000000
1.108030779628423
36
1
146
1000000
1.108030779628423
13
1
104
1000002
-0.5966550242813433
419
1
0
0
1
-1
145
connections
0.2375
bias
0.421052
disable
0.421052
node
0.526315
link
2.10526
step
0.105263
enable
0.210526
done
2
112
1000000
0.7976072399743663
23
1
72
1000000
0.838790691401067
421
0
0
0
1
-1
146
connections
0.2375
bias
0.38
disable
0.421052
node
0.475
link
1.9
step
0.105263
enable
0.19
done
4
10
146
1.0
310
1
42
1000000
-1.28870682749977
28
1
10
1000000
1.3457574168234951
314
0
146
1000000
1.3457574168234951
13
1
0
0
1
-1
146
connections
0.2631575
bias
0.38
disable
0.38
node
0.475
link
2.10526
step
0.095
enable
0.19
done
5
57
146
1.0
423
1
57
1000000
-0.5116903209829626
324
0
146
1000000
-0.5116903209829626
13
1
54
1000002
-0.9750591276169724
422
1
144
1000002
-0.8489058174666395
18
1
0
0
1
-1
145
connections
0.2631575
bias
0.38
disable
0.421052
node
0.475
link
2.10526
step
0.105263
enable
0.210526
done
2
47
1000000
-0.7362470188825818
425
1
131
1000002
0.5977752401658352
424
0
0
0
1
-1
146
connections
0.2631575
bias
0.38
disable
0.421052
node
0.526315
link
2.10526
step
0.095
enable
0.210526
done
4
89
146
1.0
427
1
91
1000001
-1.838103203530291
185
0
89
1000001
-1.03159911768376
426
0
146
1000001
-1.03159911768376
8
1
0
0
1
-1
146
connections
0.2631575
bias
0.38
disable
0.38
node
0.475
link
2.10526
step
0.105263
enable
0.19
done
4
50
146
1.0
397
1
119
1000001
-1.9593374491486855
428
1
50
1000001
-1.9708149022072003
276
0
146
1000001
-1.9708149022072003
8
0
0
0
1
-1
145
connections
0.2631575
bias
0.421052
disable
0.38
node
0.475
link
2.10526
step
0.095
enable
0.210526
done
2
4
1000000
-0.8727963992856687
298
0
20
1000002
1.779717793021109
341
1
0
0
1
-1
145
connections
0.2375
bias
0.421052
disable
0.38
node
0.526315
link
2.10526
step
0.105263
enable
0.210526
done
2
96
1000001
0.7451085982918011
229
1
32
1000002
0.6586390177097603
247
0
0
0
1
-1
146
connections
0.2375
bias
0.38
disable
0.38
node
0.526315
link
2.10526
step
0.105263
enable
0.19
done
4
8
146
1.0
244
1
25
1000002
-0.23321640680721867
348
1
8
1000002
-0.6268217330541201
160
0
146
1000002
-0.6268217330541201
22
1
0
0
1
-13.0
145
connections
0.2375
bias
0.38
disable
0.38
node
0.475
link
1.9
step
0.105263
enable
0.19
done
3
17
1000001
0.5897001236393642
429
1
90
1000001
1.0041930367178882
333
1
144
1000002
0.7566816299643451
18
1
0
0
1
-1
145
connections
0.2375
bias
0.421052
disable
0.421052
node
0.526315
link
1.9
step
0.095
enable
0.210526
done
2
50
1000002
-1.4692082294605924
242
1
35
1000002
1.327099253775458
249
1
0
0
1
-1
145
connections
0.2375
bias
0.421052
disable
0.421052
node
0.475
link
1.9
step
0.105263
enable
0.19
done
1
119
1000000
1.7899696978647102
113
1
0
0
1
-13.5
145
connections
0.2375
bias
0.38
disable
0.421052
node
0.475
link
2.10526
step
0.105263
enable
0.210526
done
3
5
1000000
-0.38905102658797297
108
1
144
1000000
1.8601966706237008
11
1
116
1000002
-1.5249554776783385
362
1
0
0
1
-1
146
connections
0.2375
bias
0.421052
disable
0.38
node
0.526315
link
1.9
step
0.095
enable
0.19
done
5
97
146
1.0
27
1
112
1000000
1.7461530529832774
23
1
144
1000000
-0.6522770712921311
11
1
97
1000001
-0.29523977738088103
26
0
146
1000001
-0.29523977738088103
8
0
0
0
1
-1
145
connections
0.2631575
bias
0.421052
disable
0.38
node
0.475
link
2.10526
step
0.105263
enable
0.210526
done
2
101
1000000
-1.825907289192135
141
1
18
1000001
-0.6391328828930392
217
1
0
0
1
1637.5
145
connections
0.2375
bias
0.421052
disable
0.38
node
0.475
link
1.9
step
0.095
enable
0.210526
done
1
144
1000001
0.9552608600724009
6
1
0
0
1
-1
145
connections
0.2631575
bias
0.38
disable
0.421052
node
0.526315
link
1.9
step
0.095
enable
0.19
done
2
58
1000000
-0.8131173628818997
358
1
123
1000001
0.7145474067126969
278
1
