1
3211.5
277
1651.0
0
1
1651.0
145
connections
0.2631575
bias
0.421052
disable
0.38
node
0.475
link
2.10526
step
0.095
enable
0.210526
done
3
79
1000001
1.056022581912595
61
1
144
1000001
1.0156353012819488
6
1
135
1000002
0.02141617905548321
60
1
570.5
0
1
570.5
145
connections
0.2375
bias
0.38
disable
0.38
node
0.526315
link
1.9
step
0.095
enable
0.210526
done
3
7
1000000
1.924537957451788
100
1
21
1000001
-1.9416294421568212
101
1
144
1000001
1.613440831804049
6
1
1637.5
0
1
1637.5
146
connections
0.2375
bias
0.38
disable
0.38
node
0.475
link
2.10526
step
0.095
enable
0.19
done
5
46
146
1.0
103
1
46
1000000
0.7753695622127221
102
0
146
1000000
0.7753695622127221
13
0
71
1000001
0.8953145324569758
45
1
144
1000001
1.1717051125380173
6
1
1637.5
0
1
1637.5
145
connections
0.2375
bias
0.38
disable
0.421052
node
0.475
link
2.10526
step
0.095
enable
0.210526
done
3
54
1000000
1.1042432116589187
174
1
108
1000001
0.4937159525293482
173
1
144
1000001
1.6661336215649887
6
1
1637.5
0
2
1637.5
146
connections
0.2631575
bias
0.421052
disable
0.421052
node
0.475
link
2.10526
step
0.105263
enable
0.210526
done
5
86
146
1.0
181
1
86
1000001
-0.9251777066491775
179
0
144
1000001
1.2305926151684115
6
1
146
1000001
-0.9251777066491775
8
1
136
1000002
-1.4087156089768862
180
1
1687.5
147
connections
0.24999962499999998
bias
0.39999939999999995
disable
0.44321196675999996
node
0.45125
link
2.2160598337999997
step
0.11080299168999999
enable
0.19999969999999997
done
9
86
146
1.0
181
0
147
146
1.0
7
1
86
147
1.0
6
1
86
1000001
-0.9251777066491775
179
0
144
1000001
1.2305926151684115
6
1
146
1000001
-0.9251777066491775
8
1
1000002
1000001
1.1865397312441242
259
1
136
1000002
-1.4087156089768862
180
1
103
1000002
-0.21438352530363947
48
1
1637.5
0
1
1637.5
146
connections
0.2375
bias
0.421052
disable
0.421052
node
0.526315
link
2.10526
step
0.105263
enable
0.19
done
5
91
146
1.0
186
1
91
1000001
0.5649489587790506
185
0
144
1000001
0.561613424074277
6
1
146
1000001
0.5649489587790506
8
1
0
1000002
0.22864153705687373
184
0
1647.5
0
1
1647.5
145
connections
0.2375
bias
0.38
disable
0.421052
node
0.526315
link
1.9
step
0.105263
enable
0.19
done
3
126
1000001
0.5089805808899901
80
1
144
1000001
0.5167857711959356
6
1
8
1000002
1.2668647780666835
160
1
1582.0
0
1
1582.0
145
connections
0.2631575
bias
0.421052
disable
0.38
node
0.475
link
1.9
step
0.095
enable
0.19
done
3
71
1000000
1.4684709814370662
216
1
144
1000001
1.68737054924924
6
1
28
1000002
-0.5292110990055665
215
0
1647.5
0
2
1647.5
146
connections
0.2631575
bias
0.38
disable
0.38
node
0.475
link
1.9
step
0.105263
enable
0.210526
done
5
111
146
1.0
139
1
23
1000001
1.1274786429829824
203
1
144
1000001
1.8817161497436272
6
1
111
1000002
-0.010647607459354003
138
0
146
1000002
-0.010647607459354003
22
0
-1
146
connections
0.24999962499999998
bias
0.361
disable
0.3999994
node
0.49999924999999995
link
1.805
step
0.11080299168999999
enable
0.22160598337999998
done
6
111
146
1.0
139
1
40
146
1.6996659480216083
10
1
23
1000001
1.1274786429829824
203
1
144
1000001
1.8817161497436272
6
0
111
1000002
-0.010647607459354003
138
0
146
1000002
-0.010647607459354003
22
0
1647.5
0
1
1647.5
145
connections
0.2631575
bias
0.421052
disable
0.38
node
0.475
link
2.10526
step
0.105263
enable
0.210526
done
3
104
1000001
1.1365977145856054
81
1
13
1000001
-0.32924758262202714
161
1
144
1000001
0.9218515573265993
6
1
1647.5
0
1
1647.5
145
connections
0.2631575
bias
0.421052
disable
0.421052
node
0.475
link
1.9
step
0.105263
enable
0.210526
done
3
136
1000001
-1.94098106714649
241
1
144
1000001
1.2437306612856012
6
1
50
1000002
0.8631248495587642
242
1
0
1
1
-1
145
connections
0.2375
bias
0.38
disable
0.421052
node
0.475
link
1.9
step
0.105263
enable
0.19
done
2
88
1000001
1.594748488650434
294
1
144
1000001
-1.5001755933140046
6
0
0
1
1
-1
146
connections
0.2375
bias
0.38
disable
0.421052
node
0.475
link
2.10526
step
0.105263
enable
0.19
done
4
141
146
1.0
281
1
69
1000000
-1.345576316466849
295
1
141
1000001
-1.5253776124880978
250
0
146
1000001
-1.5253776124880978
8
0
0
1
1
-1
145
connections
0.2631575
bias
0.38
disable
0.421052
node
0.475
link
1.9
step
0.105263
enable
0.210526
done
3
104
1000000
-0.6691117820499843
296
0
105
1000000
0.554857681952873
63
1
144
1000000
-0.4110937876168963
11
1
0
1
1
-1
146
connections
0.2375
bias
0.421052
disable
0.38
node
0.526315
link
1.9
step
0.105263
enable
0.19
done
4
125
146
1.0
218
1
66
1000001
1.5717788321771047
251
1
125
1000001
-0.921309837072354
140
0
146
1000001
-0.921309837072354
8
1
0
1
1
-1
146
connections
0.2631575
bias
0.38
disable
0.38
node
0.475
link
2.10526
step
0.095
enable
0.210526
done
4
94
146
1.0
197
1
38
1000000
-0.16308824428596003
297
1
94
1000001
1.4170267612216043
195
0
146
1000001
1.4170267612216043
8
1
0
1
1
-1
146
connections
0.2631575
bias
0.421052
disable
0.38
node
0.526315
link
1.9
step
0.095
enable
0.19
done
5
26
146
1.0
300
1
4
1000000
0.007817080589269665
298
1
26
1000001
-1.0044428086262638
299
1
146
1000001
-1.0044428086262638
8
1
144
1000002
0.7992199577390897
18
1
0
1
1
-1
145
connections
0.2375
bias
0.38
disable
0.38
node
0.526315
link
1.9
step
0.095
enable
0.19
done
3
109
1000000
1.9413762249429203
302
1
58
1000001
1.0965995389532504
301
1
144
1000002
1.0930704060437413
18
0
0
1
1
-1
146
connections
0.2631575
bias
0.38
disable
0.38
node
0.475
link
1.9
step
0.105263
enable
0.19
done
5
144
146
1.0
7
1
144
1000000
-1.7855349847956385
11
0
146
1000000
-1.7855349847956385
13
1
61
1000001
0.09877801442085365
303
1
55
1000001
1.909931843970735
85
1
0
1
2
-1
146
connections
0.2631575
bias
0.38
disable
0.421052
node
0.526315
link
2.10526
step
0.105263
enable
0.210526
done
6
32
146
1.0
248
1
16
1000001
0.9659382778925876
304
1
50
1000002
-0.8373737142592872
242
1
32
1000002
0.6198062590974232
247
0
144
1000002
-1.8855677309630439
18
1
146
1000002
0.6198062590974232
22
0
-13.5
146
connections
0.27700747922499996
bias
0.3999994
disable
0.39999939999999995
node
0.49999924999999995
link
2.2160598337999997
step
0.11080299168999999
enable
0.19999969999999997
done
10
32
146
0.9271278846862909
248
1
108
146
-1.5751641687254092
282
1
64
1000000
1.2674993414377207
56
1
144
1000000
0.19085731307355314
11
1
16
1000001
0.9696335185538856
304
1
50
1000002
-0.9295816639718224
242
1
32
1000002
0.5894506217288729
247
0
144
1000002
-1.9243557302430052
18
1
146
1000002
0.5536218900111644
22
0
85
1000002
-1.0034913119894031
83
1
1637.5
0
1
1637.5
145
connections
0.2375
bias
0.421052
disable
0.38
node
0.475
link
1.9
step
0.095
enable
0.19
done
3
52
1000000
1.8073185360269641
106
1
121
1000000
1.8275982692216295
305
1
144
1000001
1.2208416056954543
6
1
0
1
2
-1
146
connections
0.2631575
bias
0.421052
disable
0.421052
node
0.526315
link
1.9
step
0.095
enable
0.210526
done
4
65
146
1.0
208
1
1000001
1000002
-1.3893268042342553
19
1
65
1000002
-1.7143015850665608
306
1
146
1000002
-1.7143015850665608
22
1
-1
146
connections
0.24999962499999998
bias
0.44321196675999996
disable
0.39999939999999995
node
0.49999924999999995
link
1.805
step
0.09025
enable
0.22160598337999998
done
5
65
146
1.0286464412472032
208
0
6
1000000
0.8964911304268255
292
1
1000001
1000002
-1.412865094571717
19
1
65
1000002
-1.7553503848274612
306
1
146
1000002
-1.7101927584709034
22
1
0
1
1
-1
145
connections
0.2375
bias
0.38
disable
0.421052
node
0.475
link
1.9
step
0.095
enable
0.210526
done
2
8
1000002
-0.919754310290497
160
1
15
1000002
-0.3802250608170299
15
1
0
1
1
-1
146
connections
0.2631575
bias
0.421052
disable
0.38
node
0.526315
link
2.10526
step
0.095
enable
0.19
done
5
73
146
1.0
308
1
9
1000000
0.5131869019732758
307
0
73
1000000
0.5106215244183057
44
0
144
1000000
-1.721652288278238
11
1
146
1000000
0.5106215244183057
13
1
0
1
1
-1
145
connections
0.2631575
bias
0.421052
disable
0.38
node
0.526315
link
2.10526
step
0.105263
enable
0.19
done
2
123
1000000
-0.06845680011294775
176
1
80
1000002
-0.29287600456957064
142
1
0
1
1
-1
146
connections
0.2375
bias
0.421052
disable
0.38
node
0.475
link
2.10526
step
0.105263
enable
0.19
done
4
10
146
1.0
310
1
55
1000001
0.43490741624115836
85
1
10
1000002
-0.8216033016001694
309
0
146
1000002
-0.8216033016001694
22
1
0
1
1
-1
145
connections
0.2375
bias
0.38
disable
0.421052
node
0.526315
link
2.10526
step
0.095
enable
0.210526
done
2
4
1000000
1.668932787997019
298
1
32
1000002
-0.46995548641504925
247
1
0
1
1
-1
145
connections
0.2375
bias
0.38
disable
0.38
node
0.526315
link
1.9
step
0.095
enable
0.19
done
3
136
1000000
-1.143138453836186
32
1
108
1000001
0.489267020870078
173
1
144
1000002
0.4821074006200834
18
1
0
1
1
-1
146
connections
0.2375
bias
0.421052
disable
0.38
node
0.526315
link
1.9
step
0.105263
enable
0.210526
done
4
52
146
1.0
269
1
52
1000001
0.7898665531833702
312
1
146
1000001
0.7898665531833702
8
1
105
1000002
1.8288419621712881
311
1
0
1
1
-1
146
connections
0.2375
bias
0.421052
disable
0.38
node
0.475
link
1.9
step
0.095
enable
0.19
done
5
144
146
1.0
7
1
10
1000000
-0.8634093411846573
314
1
119
1000002
1.6667597837460328
313
0
144
1000002
0.0688888000389265
18
0
146
1000002
0.0688888000389265
22
1
1637.5
0
1
1637.5
145
connections
0.2375
bias
0.38
disable
0.38
node
0.526315
link
1.9
step
0.105263
enable
0.19
done
3
67
1000001
0.2518721583977186
315
0
144
1000001
1.3708922728738866
6
1
92
1000002
-1.2743484299603884
202
1
0
1
1
-1
145
connections
0.2375
bias
0.38
disable
0.421052
node
0.475
link
1.9
step
0.105263
enable
0.210526
done
2
99
1000001
0.48029438401804114
240
1
120
1000001
-1.412962736839456
43
0
0
1
1
-1
146
connections
0.2631575
bias
0.38
disable
0.38
node
0.475
link
2.10526
step
0.105263
enable
0.19
done
4
19
146
1.0
66
1
98
1000000
-1.656393468214616
316
1
19
1000000
1.1113419997653202
65
0
146
1000000
1.1113419997653202
13
1
0
1
1
-1
146
connections
0.2631575
bias
0.38
disable
0.38
node
0.526315
link
1.9
step
0.105263
enable
0.210526
done
4
94
146
1.0
197
1
106
1000001
1.4601450572076442
317
1
94
1000002
-0.8881291764777219
219
1
146
1000002
-0.8881291764777219
22
1
1637.5
0
1
1637.5
146
connections
0.2631575
bias
0.38
disable
0.421052
node
0.475
link
2.10526
step
0.105263
enable
0.19
done
5
144
146
1.0
7
1
1
1000001
0.8624475716158546
318
0
124
1000001
-0.6494981916301334
118
1
144
1000001
0.6420144213296641
6
0
146
1000001
0.6420144213296641
8
1
0
1
1
-1
145
connections
0.2631575
bias
0.421052
disable
0.38
node
0.526315
link
2.10526
step
0.105263
enable
0.19
done
3
144
1000000
-0.2833405613107267
11
1
68
1000001
-0.30785196923879177
319
1
44
1000001
1.4933555851606797
37
1
0
1
1
-1
146
connections
0.2631575
bias
0.421052
disable
0.421052
node
0.475
link
1.9
step
0.095
enable
0.210526
done
4
141
146
1.0
281
0
141
1000000
0.0054311781955243
320
0
93
1000000
0.8270693789285009
321
1
146
1000000
0.0054311781955243
13
1
0
1
1
-1
145
connections
0.2375
bias
0.38
disable
0.421052
node
0.526315
link
1.9
step
0.095
enable
0.19
done
2
110
1000001
-1.7531287368326085
322
1
32
1000001
-0.8650698657398119
245
1
0
1
1
-1
146
connections
0.2375
bias
0.421052
disable
0.421052
node
0.526315
link
2.10526
step
0.105263
enable
0.210526
done
4
70
146
1.0
150
1
121
1000000
-1.5069811346230626
305
1
70
1000001
-1.5061028846631688
323
0
146
1000001
-1.5061028846631688
8
1
0
1
1
-1
145
connections
0.2631575
bias
0.38
disable
0.38
node
0.475
link
2.10526
step
0.095
enable
0.19
done
2
85
1000000
0.41145238302038845
105
1
15
1000002
0.36600655834583007
15
1
1637.5
0
2
1637.5
145
connections
0.2631575
bias
0.421052
disable
0.421052
node
0.526315
link
2.10526
step
0.105263
enable
0.19
done
3
89
1000000
-0.4624197362031923
224
0
144
1000001
0.7693700310579485
6
1
21
1000002
-0.9137167265422912
151
1
1647.5
146
connections
0.24999962499999998
bias
0.39999939999999995
disable
0.39999939999999995
node
0.5540149584499999
link
2.2160598337999997
step
0.09999984999999999
enable
0.1999997
done
5
89
1000000
-0.5335016160779624
224
0
58
1000000
-0.45485455057631174
358
1
144
1000001
0.8524566921021687
6
1
21
1000002
-0.9282759821934201
151
1
140
1000002
-0.10426277619296798
18
1
0
1
1
-1
146
connections
0.2375
bias
0.421052
disable
0.38
node
0.475
link
1.9
step
0.095
enable
0.19
done
5
41
146
1.0
326
1
57
1000000
0.9977272964925943
324
1
41
1000000
-1.4118680324153514
325
0
146
1000000
-1.4118680324153514
13
1
144
1000002
-1.8144175140040657
18
1
0
1
1
-1
146
connections
0.2631575
bias
0.421052
disable
0.421052
node
0.526315
link
2.10526
step
0.095
enable
0.19
done
4
91
146
1.0
186
1
91
1000000
0.002630620648871318
133
0
146
1000000
0.002630620648871318
13
0
21
1000001
1.5011681752175372
101
1
0
1
1
-1
145
connections
0.2375
bias
0.38
disable
0.38
node
0.475
link
2.10526
step
0.105263
enable
0.210526
done
2
120
1000001
1.2710013921054872
43
1
45
1000002
-0.7813505499491145
169
1
0
1
1
-1
145
connections
0.2631575
bias
0.421052
disable
0.38
node
0.475
link
2.10526
step
0.105263
enable
0.210526
done
2
40
1000000
1.0080237837131354
89
1
97
1000000
0.8901999362194348
327
1
0
1
1
-1
146
connections
0.2631575
bias
0.38
disable
0.421052
node
0.526315
link
1.9
step
0.095
enable
0.19
done
4
120
146
1.0
329
1
120
1000001
0.13420261763960895
43
0
146
1000001
0.13420261763960895
8
1
39
1000002
0.22119811952369695
328
0
0
1
1
-1
146
connections
0.2631575
bias
0.421052
disable
0.421052
node
0.475
link
1.9
step
0.105263
enable
0.210526
done
4
25
146
1.0
332
1
78
1000000
-0.7448211382594092
330
1
25
1000001
-0.5967058851087375
331
0
146
1000001
-0.5967058851087375
8
1
0
1
1
-1
146
connections
0.2631575
bias
0.421052
disable
0.38
node
0.475
link
2.10526
step
0.095
enable
0.210526
done
5
90
146
1.0
47
1
90
1000001
-1.1537513771134336
333
0
144
1000001
-0.9096952513428613
6
1
146
1000001
-1.1537513771134336
8
1
47
1000002
1.8863129340581835
334
1
0
1
1
-1
146
connections
0.2375
bias
0.38
disable
0.421052
node
0.475
link
2.10526
step
0.095
enable
0.19
done
5
144
146
1.0
7
1
122
1000000
0.46704897803857737
335
1
24
1000002
0.6108966478946676
119
1
144
1000002
0.4172719647363361
18
0
146
1000002
0.4172719647363361
22
1
0
1
2
-1
145
connections
0.2631575
bias
0.38
disable
0.421052
node
0.526315
link
1.9
step
0.105263
enable
0.19
done
3
144
1000000
-1.5707269680597609
11
1
41
1000002
-0.1936819703438224
336
1
144
1000002
0.21950534122558185
18
1
-1
145
connections
0.24999962499999998
bias
0.3999994
disable
0.39999939999999995
node
0.5540149584499999
link
1.805
step
0.11080299168999999
enable
0.1999997
done
5
144
1000000
-1.603927151347473
11
1
41
1000002
-0.22370025075729813
336
1
144
1000002
0.22139981405401973
18
1
82
1000002
0.7569441666784189
378
1
55
1000002
-0.8753316112417986
76
1
0
1
1
-1
145
connections
0.2375
bias
0.38
disable
0.38
node
0.526315
link
1.9
step
0.105263
enable
0.210526
done
2
8
1000001
1.7085356145567627
337
1
144
1000002
0.4521988238672181
18
1
0
1
1
-1
146
connections
0.2631575
bias
0.421052
disable
0.38
node
0.526315
link
2.10526
step
0.095
enable
0.210526
done
5
144
146
1.0
7
1
86
1000002
-0.1166870956833086
338
1
5
1000002
-0.4107948240290513
110
0
144
1000002
1.8686502682983641
18
1
146
1000002
1.8686502682983641
22
1
0
1
1
-1
146
connections
0.2375
bias
0.421052
disable
0.421052
node
0.526315
link
2.10526
step
0.105263
enable
0.19
done
5
132
146
1.0
340
0
122
1000000
1.757459799049243
335
1
144
1000000
-0.3338913304487545
11
1
132
1000001
-1.7032819289117676
339
0
146
1000001
-1.7032819289117676
8
1
0
1
1
-1
146
connections
0.2375
bias
0.421052
disable
0.38
node
0.526315
link
1.9
step
0.095
enable
0.19
done
4
73
146
1.0
308
1
120
1000002
1.083018436672404
277
1
73
1000002
0.5755378792073009
162
0
146
1000002
0.5755378792073009
22
1
0
1
1
-1
146
connections
0.2631575
bias
0.38
disable
0.38
node
0.526315
link
2.10526
step
0.105263
enable
0.210526
done
4
143
146
1.0
194
1
143
1000001
-1.0915533663609058
193
0
146
1000001
-1.0915533663609058
8
1
20
1000002
-1.440814638042203
341
1
0
1
1
-1
146
connections
0.2631575
bias
0.421052
disable
0.421052
node
0.526315
link
1.9
step
0.105263
enable
0.19
done
4
66
146
1.0
252
1
66
1000000
1.950849188314145
64
0
146
1000000
1.950849188314145
13
1
98
1000002
1.5122433449669432
182
1
0
1
1
-1
146
connections
0.2375
bias
0.421052
disable
0.421052
node
0.526315
link
1.9
step
0.095
enable
0.19
done
4
142
146
1.0
231
1
142
1000001
1.7046385655799194
143
0
146
1000001
1.7046385655799194
8
1
60
1000002
-1.8718871291242682
342
1
0
1
1
-1
145
connections
0.2375
bias
0.421052
disable
0.38
node
0.526315
link
1.9
step
0.095
enable
0.19
done
2
65
1000000
1.1785382774674944
24
1
28
1000000
-0.9285194124250031
144
1
0
1
1
-1
146
connections
0.2631575
bias
0.38
disable
0.421052
node
0.475
link
2.10526
step
0.095
enable
0.19
done
5
84
146
1.0
344
0
95
1000000
-0.7589641101470503
33
1
84
1000001
-1.7898157090827436
343
0
146
1000001
-1.7898157090827436
8
1
136
1000002
-0.42486116465000956
180
1
0
1
1
-1
146
connections
0.2375
bias
0.421052
disable
0.38
node
0.526315
link
2.10526
step
0.105263
enable
0.19
done
4
18
146
1.0
346
1
18
1000000
0.04387983870132928
345
0
146
1000000
0.04387983870132928
13
1
13
1000001
-0.6671701991547807
161
1
1637.5
0
2
1637.5
145
connections
0.2631575
bias
0.421052
disable
0.421052
node
0.526315
link
1.9
step
0.105263
enable
0.19
done
3
37
1000000
-1.1516099787730907
14
1
58
1000001
0.17748466946255448
301
1
144
1000001
0.9417832372640222
6
1
1661.0
145
connections
0.27700747922499996
bias
0.39999939999999995
disable
0.44321196675999996
node
0.49999924999999995
link
1.805
step
0.095
enable
0.1805
done
4
37
1000000
-1.1508381618313763
14
1
88
1000000
0.8521061591688377
19
1
58
1000001
0.22802783893481668
301
1
144
1000001
0.9530889150899946
6
1
0
1
1
-1
146
connections
0.2631575
bias
0.421052
disable
0.38
node
0.475
link
1.9
step
0.095
enable
0.19
done
4
144
146
1.0
7
1
90
1000000
-0.381345898548358
347
1
144
1000002
-0.395551600810669
18
0
146
1000002
-0.395551600810669
22
1
1637.5
0
2
1637.5
146
connections
0.2631575
bias
0.421052
disable
0.38
node
0.475
link
2.10526
step
0.105263
enable
0.210526
done
5
25
146
1.0
332
0
25
1000001
0.9436233147807878
331
1
144
1000001
1.6111852462039362
6
1
146
1000001
0.9436233147807878
8
1
25
1000002
-1.9748282315595103
348
1
1647.5
147
connections
0.24999962499999998
bias
0.44321196675999996
disable
0.3999994
node
0.45125
link
2.2160598337999997
step
0.095
enable
0.19999969999999997
done
9
25
146
1.0142815854314018
332
0
15
146
-0.037594927837165226
13
1
144
147
1.0
23
1
25
1000001
1.0347133506260022
331
1
144
1000001
1.5242171328773484
6
0
146
1000001
0.9592871010224902
8
1
21
1000001
-0.8773702826660785
101
1
147
1000001
1.5242171328773484
5
1
25
1000002
-2.0676083397188707
348
1
0
1
2
-1
146
connections
0.2375
bias
0.421052
disable
0.38
node
0.475
link
1.9
step
0.095
enable
0.210526
done
4
60
146
1.0
350
1
60
1000000
1.9165055875611725
349
0
146
1000000
1.9165055875611725
13
1
72
1000001
1.0704568137622177
69
1
-1
146
connections
0.24999962499999998
bias
0.44321196675999996
disable
0.3999994
node
0.45125
link
1.805
step
0.09999985
enable
0.22160598337999998
done
5
60
146
1.05462528905962
350
1
60
1000000
1.8910536832306715
349
1
146
1000000
1.9620067042047795
13
1
72
1000001
1.0347267741412405
69
1
88
1000001
1.1632595288657344
294
0
0
1
1
-1
146
connections
0.2375
bias
0.38
disable
0.421052
node
0.475
link
1.9
step
0.105263
enable
0.210526
done
4
44
146
1.0
156
1
44
1000001
1.8524369611675087
37
0
146
1000001
1.8524369611675087
8
1
45
1000002
-1.2080254612105876
169
0
0
1
1
-1
145
connections
0.2375
bias
0.421052
disable
0.421052
node
0.526315
link
1.9
step
0.095
enable
0.19
done
2
106
1000000
0.38951734610949584
351
1
111
1000002
1.329760357316109
138
1
1637.5
0
1
1637.5
146
connections
0.2375
bias
0.38
disable
0.421052
node
0.475
link
1.9
step
0.105263
enable
0.210526
done
5
26
146
1.0
300
1
26
1000001
-1.6964762805212872
299
0
144
1000001
1.638161031312794
6
1
146
1000001
-1.6964762805212872
8
1
114
1000002
-1.9642956001267837
352
0
0
1
1
-1
145
connections
0.2631575
bias
0.38
disable
0.421052
node
0.526315
link
1.9
step
0.095
enable
0.19
done
3
144
1000000
0.6874164044426472
11
1
47
1000001
1.3704364264135394
109
1
65
1000001
1.9663572646122391
353
1
0
1
1
-1
146
connections
0.2631575
bias
0.421052
disable
0.421052
node
0.526315
link
1.9
step
0.095
enable
0.19
done
4
2
146
1.0
50
1
128
1000002
1.9048734763637643
288
1
2
1000002
-1.771021726350324
49
0
146
1000002
-1.771021726350324
22
1
0
1
1
-1
145
connections
0.2375
bias
0.421052
disable
0.421052
node
0.475
link
2.10526
step
0.105263
enable
0.19
done
2
141
1000001
1.4616455468380427
250
1
112
1000002
1.8537602369923696
354
1
0
1
2
-1
146
connections
0.2375
bias
0.38
disable
0.421052
node
0.526315
link
1.9
step
0.105263
enable
0.19
done
4
102
146
1.0
172
1
102
1000000
-1.9671989423718452
170
0
146
1000000
-1.9671989423718452
13
0
102
1000001
-1.088393702795853
177
1
-1
146
connections
0.24999962499999998
bias
0.3999994
disable
0.44321196675999996
node
0.5540149584499999
link
1.805
step
0.095
enable
0.1999997
done
5
102
146
1.0944159363296961
172
1
102
1000000
-1.8986843414753256
170
0
146
1000000
-1.9835684093698691
13
0
102
1000001
1.4923481560100433
177
1
36
1000001
0.21273303210472738
260
1
0
1
1
-1
146
connections
0.2375
bias
0.38
disable
0.38
node
0.475
link
2.10526
step
0.095
enable
0.210526
done
4
131
146
1.0
129
1
131
1000001
-1.2796496215215574
127
0
44
1000001
0.1994038091645418
37
1
146
1000001
-1.2796496215215574
8
0
0
1
1
-1
145
connections
0.2375
bias
0.421052
disable
0.421052
node
0.475
link
2.10526
step
0.105263
enable
0.19
done
2
77
1000001
-1.9689867836695232
293
1
23
1000002
-0.20811563408431466
355
0
0
1
1
-1
146
connections
0.2631575
bias
0.38
disable
0.421052
node
0.475
link
2.10526
step
0.105263
enable
0.210526
done
4
54
146
1.0
356
1
54
1000000
0.4179893638055825
174
0
146
1000000
0.4179893638055825
13
1
102
1000001
0.5486678066060215
177
1
0
1
1
-1
145
connections
0.2631575
bias
0.421052
disable
0.421052
node
0.475
link
1.9
step
0.105263
enable
0.210526
done
2
115
1000000
1.7173379209478443
238
1
110
1000002
1.2451024943107933
357
1
0
1
1
-1
145
connections
0.2631575
bias
0.38
disable
0.38
node
0.475
link
2.10526
step
0.105263
enable
0.210526
done
2
58
1000000
-1.3660081453329807
358
1
42
1000002
0.2010325050546551
42
0
0
1
1
-1
145
connections
0.2375
bias
0.38
disable
0.38
node
0.475
link
2.10526
step
0.105263
enable
0.19
done
3
1000000
1000000
1.0351369108035855
360
1
116
1000001
-0.18194626531991975
359
1
144
1000002
-0.7151862724357305
18
0
0
1
1
-1
145
connections
0.2375
bias
0.421052
disable
0.38
node
0.526315
link
2.10526
step
0.105263
enable
0.19
done
3
4
1000000
-0.05273208489063519
298
1
144
1000001
-0.7718029842657699
6
1
116
1000002
-0.280282560917974
362
1
1647.5
0
1
1647.5
146
connections
0.2375
bias
0.38
disable
0.38
node
0.526315
link
1.9
step
0.095
enable
0.210526
done
5
130
146
1.0
363
1
130
1000000
0.10716695104630425
209
0
34
1000000
-1.765176255476335
243
0
146
1000000
0.10716695104630425
13
1
144
1000001
0.3991539806420552
6
1
0
1
1
-1
146
connections
0.2631575
bias
0.38
disable
0.421052
node
0.526315
link
2.10526
step
0.095
enable
0.210526
done
5
111
146
1.0
139
1
74
1000000
-1.461210334828491
364
1
144
1000001
-1.1554967167639743
6
1
111
1000002
1.9438107989621036
138
0
146
1000002
1.9438107989621036
22
1
0
1
1
-1
145
connections
0.2631575
bias
0.38
disable
0.38
node
0.475
link
2.10526
step
0.105263
enable
0.210526
done
2
59
1000000
0.910682614732194
365
1
95
1000002
1.0674154664034692
366
1
0
1
2
-1
145
connections
0.2631575
bias
0.38
disable
0.421052
node
0.475
link
1.9
step
0.105263
enable
0.210526
done
3
64
1000002
-0.9696163917575107
368
1
8
1000002
0.40569948196870076
160
1
144
1000002
1.7617684648334557
18
1
-1
145
connections
0.27700747922499996
bias
0.361
disable
0.39999939999999995
node
0.49999924999999995
link
1.805
step
0.11080299168999999
enable
0.19999969999999997
done
5
96
1000000
-0.14111814285571667
171
1
3
1000001
-1.8093502637673518
287
1
64
1000002
-0.8614085613577049
368
1
8
1000002
-0.5371887033924003
160
1
144
1000002
1.835575924042159
18
0
0
1
1
-1
145
connections
0.2375
bias
0.38
disable
0.421052
node
0.475
link
1.9
step
0.105263
enable
0.19
done
2
105
1000002
-1.339703201856147
311
1
18
1000002
0.06827073211616375
159
1
0
1
2
-1
145
connections
0.2631575
bias
0.421052
disable
0.421052
node
0.475
link
2.10526
step
0.105263
enable
0.19
done
3
65
1000000
-1.920626100227759
24
1
22
1000002
-0.7688175185577255
369
1
144
1000002
0.16490392941478493
18
1
-1
145
connections
0.27700747922499996
bias
0.39999939999999995
disable
0.44321196675999996
node
0.45125
link
2.2160598337999997
step
0.09999984999999999
enable
0.1805
done
5
65
1000000
-1.9623701545771666
24
1
39
1000000
-1.8920639977298586
67
1
42
1000001
0.5970460371175017
165
1
22
1000002
-0.8282710836597267
369
1
144
1000002
0.18131548057880048
18
1
0
1
2
-1
146
connections
0.2375
bias
0.38
disable
0.421052
node
0.526315
link
1.9
step
0.105263
enable
0.19
done
5
104
146
1.0
370
1
104
1000000
-0.1613879512408647
296
0
146
1000000
-0.1613879512408647
13
0
144
1000001
-0.9474362906563378
6
1
26
1000002
-0.5414518557303709
67
1
-1
146
connections
0.225625
bias
0.3999994
disable
0.39999939999999995
node
0.49999924999999995
link
1.805
step
0.11080299168999999
enable
0.1999997
done
6
104
146
1.0
370
1
104
1000000
-0.1613879512408647
296
0
146
1000000
-0.1613879512408647
13
0
144
1000001
-0.9474362906563378
6
1
21
1000001
0.26700085524007644
101
1
26
1000002
-0.5414518557303709
67
1
0
1
1
-1
145
connections
0.2631575
bias
0.38
disable
0.421052
node
0.526315
link
2.10526
step
0.105263
enable
0.210526
done
2
17
1000000
0.9109181019362884
136
1
129
1000002
0.765341388463789
371
1
0
1
1
-1
145
connections
0.2631575
bias
0.38
disable
0.421052
node
0.526315
link
2.10526
step
0.095
enable
0.210526
done
2
14
1000000
-0.9095483486827174
25
0
48
1000001
0.651251873338031
372
1
0
1
1
-1
145
connections
0.2631575
bias
0.38
disable
0.38
node
0.475
link
1.9
step
0.105263
enable
0.210526
done
2
9
1000000
-1.1186415209197245
307
1
95
1000000
-0.16119594529465742
33
1
0
1
1
-1
145
connections
0.2631575
bias
0.38
disable
0.421052
node
0.475
link
1.9
step
0.105263
enable
0.19
done
2
14
1000000
-1.9809083421975853
25
1
144
1000001
-1.8093389345623296
6
1
0
1
1
-1
146
connections
0.2631575
bias
0.38
disable
0.421052
node
0.526315
link
1.9
step
0.105263
enable
0.210526
done
4
112
146
1.0
373
1
26
1000001
-0.9047181526195258
299
0
112
1000002
0.029979943298753753
354
0
146
1000002
0.029979943298753753
22
1
0
1
1
-1
146
connections
0.2631575
bias
0.38
disable
0.38
node
0.475
link
1.9
step
0.105263
enable
0.210526
done
5
22
146
1.0
375
1
22
1000000
1.761277898729543
374
0
146
1000000
1.761277898729543
13
1
24
1000001
1.4167263231047742
191
1
144
1000002
-1.8766358166066408
18
1
0
1
1
-1
145
connections
0.2375
bias
0.421052
disable
0.421052
node
0.526315
link
2.10526
step
0.095
enable
0.210526
done
2
117
1000000
0.06110016672480478
130
0
31
1000002
1.539687172911803
226
1
0
1
1
-1
146
connections
0.2631575
bias
0.38
disable
0.38
node
0.475
link
1.9
step
0.095
enable
0.19
done
4
86
146
1.0
181
1
116
1000000
-1.5441581376080427
376
1
86
1000002
-0.9698934848487917
338
0
146
1000002
-0.9698934848487917
22
1
0
1
1
-1
145
connections
0.2631575
bias
0.421052
disable
0.421052
node
0.475
link
1.9
step
0.105263
enable
0.19
done
2
89
1000002
-1.5656985146620959
377
1
82
1000002
-1.213095863855691
378
1
0
1
1
-1
146
connections
0.2375
bias
0.38
disable
0.421052
node
0.526315
link
2.10526
step
0.105263
enable
0.210526
done
4
54
146
1.0
356
1
54
1000000
-0.5606880379590438
174
0
146
1000000
-0.5606880379590438
13
1
135
1000002
-1.8913934387368303
60
1
0
1
1
-1
146
connections
0.2375
bias
0.421052
disable
0.38
node
0.475
link
1.9
step
0.105263
enable
0.210526
done
4
115
146
1.0
214
1
115
1000002
0.7768543766231066
135
0
125
1000002
1.3782465802693205
379
1
146
1000002
0.7768543766231066
22
1
0
1
1
-1
146
connections
0.2375
bias
0.421052
disable
0.38
node
0.526315
link
2.10526
step
0.095
enable
0.19
done
4
11
146
1.0
76
1
2
1000001
-1.9239246405599757
380
1
11
1000001
0.776548112444722
289
0
146
1000001
0.776548112444722
8
1
0
1
2
-1
145
connections
0.2375
bias
0.38
disable
0.421052
node
0.526315
link
1.9
step
0.095
enable
0.19
done
2
1
1000000
1.3704903727722368
164
1
69
1000002
1.5184795731876854
381
1
-1
145
connections
0.24999962499999998
bias
0.361
disable
0.44321196675999996
node
0.5540149584499999
link
1.805
step
0.09999985
enable
0.1999997
done
3
1
1000000
1.3618327833528543
164
1
29
1000000
-0.6273419266280116
101
1
69
1000002
1.4521946970778856
381
1
0
1
1
-1
146
connections
0.2631575
bias
0.38
disable
0.38
node
0.526315
link
1.9
step
0.095
enable
0.19
done
4
25
146
1.0
332
1
25
1000000
0.107977554343341
382
0
146
1000000
0.107977554343341
13
1
105
1000002
-0.1585392309810194
311
1
1637.5
0
1
1637.5
145
connections
0.2631575
bias
0.38
disable
0.421052
node
0.475
link
1.9
step
0.095
enable
0.210526
done
3
127
1000001
1.7292442690527223
285
0
105
1000001
-0.12279474163291937
383
1
144
1000001
1.3135468934194003
6
1
1637.5
0
1
1637.5
145
connections
0.2375
bias
0.38
disable
0.421052
node
0.475
link
2.10526
step
0.095
enable
0.210526
done
3
28
1000000
0.7070651641888523
144
1
144
1000001
0.7585521138487463
6
1
58
1000002
-0.17613216016683086
384
1
0
1
1
-1
146
connections
0.2375
bias
0.421052
disable
0.38
node
0.526315
link
1.9
step
0.105263
enable
0.210526
done
4
19
146
1.0
66
1
73
1000000
1.4306838352262452
44
1
19
1000002
-1.9512530068651102
385
0
146
1000002
-1.9512530068651102
22
0
0
1
1
-1
146
connections
0.2631575
bias
0.421052
disable
0.421052
node
0.526315
link
1.9
step
0.095
enable
0.19
done
4
133
146
1.0
275
1
95
1000001
-0.9645275076488127
387
1
133
1000002
-0.102375394247737
386
0
146
1000002
-0.102375394247737
22
1
0
1
1
-1
145
connections
0.2375
bias
0.421052
disable
0.421052
node
0.526315
link
2.10526
step
0.095
enable
0.19
done
2
138
1000002
-1.2614886614341123
388
1
43
1000002
1.5061769515301249
254
0
0
1
1
-1
145
connections
0.2375
bias
0.38
disable
0.421052
node
0.526315
link
2.10526
step
0.105263
enable
0.19
done
2
106
1000000
-0.6054069518261178
351
1
126
1000001
-1.6517148086723101
80
1
0
1
1
-1
145
connections
0.2375
bias
0.38
disable
0.38
node
0.475
link
1.9
step
0.095
enable
0.210526
done
2
41
1000000
1.4829849115620415
325
1
33
1000001
-0.2193098155766453
72
0
0
1
1
-1
146
connections
0.2631575
bias
0.421052
disable
0.421052
node
0.475
link
2.10526
step
0.095
enable
0.19
done
4
127
146
1.0
390
1
127
1000000
-0.05192830877428589
389
0
146
1000000
-0.05192830877428589
13
1
75
1000001
-1.8924968618475768
235
1
0
1
2
-1
145
connections
0.2375
bias
0.421052
disable
0.38
node
0.475
link
2.10526
step
0.105263
enable
0.210526
done
3
26
1000000
0.34755771593995766
391
1
2
1000001
-0.23562751711551266
380
1
144
1000002
0.6517638647537116
18
1
-1
145
connections
0.225625
bias
0.44321196675999996
disable
0.361
node
0.45125
link
1.9999969999999998
step
0.095
enable
0.19999969999999997
done
5
26
1000000
0.2980527560208017
391
1
2
1000001
-0.17636880073343533
380
1
84
1000001
1.8476744921937347
343
1
144
1000002
0.6387663096912082
18
1
92
1000002
-0.4118298206383173
202
1
0
1
2
-1
145
connections
0.2375
bias
0.38
disable
0.421052
node
0.526315
link
1.9
step
0.095
enable
0.210526
done
3
109
1000001
1.1421057867094926
246
1
18
1000002
0.013179018796828146
159
1
144
1000002
-1.5522459199918517
18
1
-1
145
connections
0.24999962499999998
bias
0.361
disable
0.44321196675999996
node
0.5540149584499999
link
1.9999969999999998
step
0.09025
enable
0.19999969999999997
done
5
121
1000000
0.9409933879741859
305
1
80
1000000
-0.7402021247874635
97
0
109
1000001
0.7145751561940856
246
1
18
1000002
0.013014974207414626
159
1
144
1000002
-1.6099782563205474
18
1
0
1
1
-1
145
connections
0.2375
bias
0.38
disable
0.38
node
0.526315
link
2.10526
step
0.105263
enable
0.19
done
3
132
1000000
0.9302004366283265
5
1
144
1000000
-0.9844892790504667
11
1
75
1000002
-1.4785483228981118
392
1
0
1
1
-1
146
connections
0.2375
bias
0.38
disable
0.38
node
0.526315
link
2.10526
step
0.105263
enable
0.210526
done
4
106
146
1.0
190
1
106
1000000
-1.2276478743367765
351
0
146
1000000
-1.2276478743367765
13
1
107
1000002
1.8664476325839976
107
1
0
1
1
-1
145
connections
0.2375
bias
0.38
disable
0.38
node
0.475
link
1.9
step
0.095
enable
0.210526
done
2
59
1000001
-0.040485035747028775
393
1
17
1000002
-0.09362143043265814
87
1
0
1
1
-1
145
connections
0.2375
bias
0.38
disable
0.421052
node
0.526315
link
2.10526
step
0.105263
enable
0.19
done
3
96
1000001
1.451269127596801
229
1
10
1000001
-0.8399840252577917
120
1
144
1000001
-1.8772097475542435
6
1
0
1
1
-1
146
connections
0.2631575
bias
0.421052
disable
0.421052
node
0.526315
link
1.9
step
0.105263
enable
0.19
done
4
44
146
1.0
156
1
121
1000002
0.8296967671876518
394
1
44
1000002
-1.8886349662550992
395
0
146
1000002
-1.8886349662550992
22
1
0
1
2
-1
146
connections
0.2631575
bias
0.421052
disable
0.421052
node
0.475
link
2.10526
step
0.105263
enable
0.210526
done
4
73
146
1.0
308
1
73
1000000
-1.0104909391190424
44
0
146
1000000
-1.0104909391190424
13
1
142
1000001
1.4698822440930623
143
1
-1
147
connections
0.27700747922499996
bias
0.44321196675999996
disable
0.39999939999999995
node
0.49999924999999995
link
1.9999969999999998
step
0.11080299168999999
enable
0.19999969999999997
done
6
73
146
0.9471283645224695
308
1
79
146
1.1802271010953378
222
1
73
1000000
-1.0550190240687836
44
1
146
1000000
-0.9066813440261821
13
1
24
1000000
-1.6236683670135479
90
1
142
1000001
1.365285231654173
143
1
0
1
1
-1
146
connections
0.2631575
bias
0.38
disable
0.421052
node
0.475
link
2.10526
step
0.105263
enable
0.19
done
4
50
146
1.0
397
1
50
1000000
1.383379250409626
220
0
128
1000000
-0.08260922974477314
396
1
146
1000000
1.383379250409626
13
0
0
1
1
-1
146
connections
0.2375
bias
0.38
disable
0.421052
node
0.526315
link
1.9
step
0.105263
enable
0.19
done
5
69
146
1.0
400
1
69
1000001
-1.5935829580243919
399
0
146
1000001
-1.5935829580243919
8
1
132
1000002
0.3578547218024033
398
1
144
1000002
-0.8937185019792082
18
0
0
1
1
-1
145
connections
0.2631575
bias
0.38
disable
0.421052
node
0.526315
link
2.10526
step
0.105263
enable
0.210526
done
2
1
1000000
-0.703342462411876
164
1
41
1000000
0.2505965460223991
325
1
0
1
1
-1
146
connections
0.2375
bias
0.38
disable
0.38
node
0.475
link
2.10526
step
0.105263
enable
0.210526
done
5
138
146
1.0
402
1
138
1000000
1.780485158544645
401
0
146
1000000
1.780485158544645
13
0
28
1000001
-0.771279626666177
149
1
144
1000002
1.2982535526590078
18
1
0
1
1
-1
146
connections
0.2631575
bias
0.421052
disable
0.38
node
0.526315
link
2.10526
step
0.095
enable
0.210526
done
4
14
146
1.0
405
0
80
1000001
-1.275174184768197
404
1
14
1000002
1.0603012572083075
403
0
146
1000002
1.0603012572083075
22
1
0
1
1
-1
146
connections
0.2631575
bias
0.421052
disable
0.421052
node
0.526315
link
1.9
step
0.105263
enable
0.19
done
5
26
146
1.0
300
1
26
1000000
-0.6032591221872896
391
1
144
1000000
-0.936201542382948
11
1
146
1000000
-0.6032591221872896
13
1
89
1000002
0.5752888747582032
377
1
0
1
1
-1
146
connections
0.2375
bias
0.421052
disable
0.421052
node
0.526315
link
1.9
step
0.095
enable
0.210526
done
4
134
146
1.0
96
1
31
1000000
-1.1007511637232184
62
1
134
1000002
0.2397144353800904
406
0
146
1000002
0.2397144353800904
22
1
0
1
1
-1
145
connections
0.2375
bias
0.421052
disable
0.421052
node
0.526315
link
2.10526
step
0.095
enable
0.19
done
2
3
1000000
-0.9557587836287027
407
1
69
1000002
-0.7452814593032029
381
1
0
1
1
-1
145
connections
0.2631575
bias
0.38
disable
0.38
node
0.526315
link
1.9
step
0.095
enable
0.210526
done
2
101
1000000
-0.36090892635735683
141
1
128
1000002
-0.6227929424623246
288
0
0
1
1
-1
145
connections
0.2375
bias
0.421052
disable
0.421052
node
0.475
link
1.9
step
0.095
enable
0.19
done
2
103
1000001
-0.3698030170695259
409
0
57
1000001
0.7015139894082152
410
1
0
1
1
-1
146
connections
0.2631575
bias
0.421052
disable
0.421052
node
0.526315
link
1.9
step
0.105263
enable
0.210526
done
4
18
146
1.0
346
1
131
1000000
0.5596953222470864
411
1
18
1000000
-1.40790644404006
345
0
146
1000000
-1.40790644404006
13
1
0
1
1
-1
145
connections
0.2631575
bias
0.38
disable
0.38
node
0.475
link
1.9
step
0.095
enable
0.210526
done
2
106
1000001
-1.6691517470041402
317
1
18
1000001
0.3960549437481502
217
0
0
1
1
-1
145
connections
0.2375
bias
0.38
disable
0.38
node
0.526315
link
2.10526
step
0.105263
enable
0.210526
done
3
13
1000000
-0.5756389924416769
412
1
144
1000001
-1.138326187621446
6
1
37
1000002
0.4831113929950641
104
1
0
1
1
-1
145
connections
0.2375
bias
0.421052
disable
0.38
node
0.475
link
1.9
step
0.105263
enable
0.19
done
3
138
1000001
-0.3759936196860858
413
1
75
1000002
1.7518532077566848
392
0
144
1000002
-0.1096836502043641
18
1
0
1
1
-1
146
connections
0.2375
bias
0.38
disable
0.38
node
0.526315
link
2.10526
step
0.105263
enable
0.19
done
5
124
146
1.0
415
1
124
1000000
-0.914784609344816
414
0
146
1000000
-0.914784609344816
13
1
1
1000001
0.793160495068137
318
1
144
1000002
-1.8498778940379617
18
1
0
1
1
-1
146
connections
0.2375
bias
0.421052
disable
0.421052
node
0.475
link
1.9
step
0.105263
enable
0.19
done
4
124
146
1.0
415
1
111
1000001
1.739631785529466
417
1
124
1000002
1.9940601988774822
416
0
146
1000002
1.9940601988774822
22
1
0
1
1
-1
146
connections
0.2631575
bias
0.421052
disable
0.421052
node
0.526315
link
1.9
step
0.105263
enable
0.210526
done
4
84
146
1.0
344
1
84
1000001
0.9577248579857391
343
0
118
1000001
1.190622058688119
31
0
146
1000001
0.9577248579857391
8
1
1637.5
0
1
1637.5
145
connections
0.2631575
bias
0.421052
disable
0.38
node
0.475
link
2.10526
step
0.105263
enable
0.210526
done
3
61
1000001
1.755905333400206
303
1
144
1000001
1.4963711030924984
6
1
142
1000002
0.8137805905394591
230
0
0
1
1
-1
146
connections
0.2631575
bias
0.38
disable
0.38
node
0.526315
link
1.9
step
0.095
enable
0.19
done
5
34
146
1.0
418
1
34
1000000
1.6087084412687318
243
0
146
1000000
1.6087084412687318
13
1
144
1000001
0.6778293379201501
6
0
73
1000002
1.7861261357220237
162
1
0
1
3
-1
146
connections
0.2375
bias
0.38
disable
0.421052
node
0.526315
link
2.10526
step
0.105263
enable
0.210526
done
4
129
146
1.0
420
1
129
1000000
1.108030779628423
36
1
146
1000000
1.108030779628423
13
1
104
1000002
-0.5966550242813433
419
1
-1
146
connections
0.225625
bias
0.361
disable
0.39999939999999995
node
0.49999924999999995
link
1.9999969999999998
step
0.09999984999999999
enable
0.19999969999999997
done
6
129
146
0.9669905526542243
420
1
82
146
-0.9995028316524315
55
1
10
146
1.771245574441486
310
1
129
1000000
1.1950172832277037
36
1
146
1000000
1.2076464698194436
13
1
104
1000002
-0.6156060009476828
419
1
-1
146
connections
0.24999962499999998
bias
0.3999994
disable
0.39999939999999995
node
0.5540149584499999
link
2.2160598337999997
step
0.09999984999999999
enable
0.19999969999999997
done
6
129
146
0.9562853300173518
420
1
129
1000000
1.0787088872181465
36
1
146
1000000
1.0735374992639033
13
1
121
1000001
-1.6954885764341383
68
1
104
1000002
-0.5673849605386546
419
1
92
1000002
0.44505202460147864
202
1
0
1
1
-1
145
connections
0.2375
bias
0.421052
disable
0.421052
node
0.526315
link
2.10526
step
0.105263
enable
0.210526
done
2
112
1000000
0.7976072399743663
23
1
72
1000000
0.838790691401067
421
0
0
1
1
-1
146
connections
0.2375
bias
0.38
disable
0.421052
node
0.475
link
1.9
step
0.105263
enable
0.19
done
4
10
146
1.0
310
1
42
1000000
-1.28870682749977
28
1
10
1000000
1.3457574168234951
314
0
146
1000000
1.3457574168234951
13
1
0
1
1
-1
146
connections
0.2631575
bias
0.38
disable
0.38
node
0.475
link
2.10526
step
0.095
enable
0.19
done
5
57
146
1.0
423
1
57
1000000
-0.5116903209829626
324
0
146
1000000
-0.5116903209829626
13
1
54
1000002
-0.9750591276169724
422
1
144
1000002
-0.8489058174666395
18
1
0
1
1
-1
145
connections
0.2631575
bias
0.38
disable
0.421052
node
0.475
link
2.10526
step
0.105263
enable
0.210526
done
2
47
1000000
-0.7362470188825818
425
1
131
1000002
0.5977752401658352
424
0
0
1
2
-1
146
connections
0.2631575
bias
0.38
disable
0.421052
node
0.526315
link
2.10526
step
0.095
enable
0.210526
done
4
89
146
1.0
427
1
91
1000001
-1.838103203530291
185
0
89
1000001
-1.03159911768376
426
0
146
1000001
-1.03159911768376
8
1
-1
147
connections
0.27700747922499996
bias
0.3999994
disable
0.39999939999999995
node
0.49999924999999995
link
2.2160598337999997
step
0.095
enable
0.19999969999999997
done
6
89
146
0.910443056636852
427
1
68
146
-0.40621193508690157
228
1
90
1000000
-1.1277904190872468
347
0
91
1000001
-0.6864035173721841
185
0
89
1000001
-0.9921174942894708
426
0
146
1000001
-0.9753027468350557
8
1
0
1
2
-1
146
connections
0.2631575
bias
0.38
disable
0.38
node
0.475
link
2.10526
step
0.105263
enable
0.19
done
4
50
146
1.0
397
1
119
1000001
-1.9593374491486855
428
1
50
1000001
-1.9708149022072003
276
0
146
1000001
-1.9708149022072003
8
0
-1
147
connections
0.27700747922499996
bias
0.361
disable
0.361
node
0.49999924999999995
link
2.2160598337999997
step
0.09999984999999999
enable
0.1805
done
7
50
146
0.9925309653248723
397
1
13
1000000
1.9696324105783045
412
1
63
1000000
-1.184108972598568
59
1
119
1000001
-1.9086252729348188
428
0
50
1000001
-1.902972624651478
276
0
146
1000001
-1.9845354268760658
8
0
61
1000001
1.2733177786458016
303
1
0
1
1
-1
145
connections
0.2631575
bias
0.421052
disable
0.38
node
0.475
link
2.10526
step
0.095
enable
0.210526
done
2
4
1000000
-0.8727963992856687
298
0
20
1000002
1.779717793021109
341
1
0
1
1
-1
145
connections
0.2375
bias
0.421052
disable
0.38
node
0.526315
link
2.10526
step
0.105263
enable
0.210526
done
2
96
1000001
0.7451085982918011
229
1
32
1000002
0.6586390177097603
247
0
0
1
2
-1
146
connections
0.2375
bias
0.38
disable
0.38
node
0.526315
link
2.10526
step
0.105263
enable
0.19
done
4
8
146
1.0
244
1
25
1000002
-0.23321640680721867
348
1
8
1000002
-0.6268217330541201
160
0
146
1000002
-0.6268217330541201
22
1
-13.5
146
connections
0.24999962499999998
bias
0.3999994
disable
0.3999994
node
0.49999924999999995
link
1.9999969999999998
step
0.09999984999999999
enable
0.1999997
done
7
8
146
1.0585494034775351
244
0
59
146
1.5812121846707057
62
1
144
1000000
1.5069736061665746
11
1
25
1000002
-0.29444200263881276
348
1
8
1000002
-0.6650397682770763
160
1
146
1000002
-0.6730908000621697
22
1
56
1000002
1.7381854651602815
284
1
0
1
1
-1
145
connections
0.2375
bias
0.421052
disable
0.421052
node
0.526315
link
1.9
step
0.095
enable
0.210526
done
2
50
1000002
-1.4692082294605924
242
1
35
1000002
1.327099253775458
249
1
0
1
1
-1
145
connections
0.2375
bias
0.421052
disable
0.421052
node
0.475
link
1.9
step
0.105263
enable
0.19
done
1
119
1000000
1.7899696978647102
113
1
0
1
1
-1
146
connections
0.2375
bias
0.421052
disable
0.38
node
0.526315
link
1.9
step
0.095
enable
0.19
done
5
97
146
1.0
27
1
112
1000000
1.7461530529832774
23
1
144
1000000
-0.6522770712921311
11
1
97
1000001
-0.29523977738088103
26
0
146
1000001
-0.29523977738088103
8
0
0
1
1
-1
145
connections
0.2631575
bias
0.421052
disable
0.38
node
0.475
link
2.10526
step
0.105263
enable
0.210526
done
2
101
1000000
-1.825907289192135
141
1
18
1000001
-0.6391328828930392
217
1
1637.5
0
1
1637.5
145
connections
0.2375
bias
0.421052
disable
0.38
node
0.475
link
1.9
step
0.095
enable
0.210526
done
1
144
1000001
0.9552608600724009
6
1
0
1
1
-1
145
connections
0.2631575
bias
0.38
disable
0.421052
node
0.526315
link
1.9
step
0.095
enable
0.19
done
2
58
1000000
-0.8131173628818997
358
1
123
1000001
0.7145474067126969
278
1
0
0
1
1661.0
146
connections
0.27700747922499996
bias
0.44321196675999996
disable
0.3999994
node
0.49999924999999995
link
2.2160598337999997
step
0.09999985
enable
0.19999969999999997
done
8
79
146
1.0
222
1
31
1000000
1.8036603340775375
62
1
2
1000000
-1.3451729235110377
2
1
79
1000001
1.056022581912595
61
0
144
1000001
1.0156353012819488
6
1
142
1000001
1.8240031999688742
143
1
146
1000001
1.056022581912595
8
1
135
1000002
0.02141617905548321
60
0
0
0
1
570.5
146
connections
0.24999962499999998
bias
0.3999994
disable
0.361
node
0.49999924999999995
link
1.805
step
0.105263
enable
0.19999969999999997
done
7
21
146
1.0
3
1
7
1000000
1.9825001044877495
100
1
38
1000000
1.7821492582972516
297
1
21
1000001
-1.8483758770752496
101
1
144
1000001
1.5948931989044421
6
1
42
1000001
-1.0657486328293815
165
1
146
1000001
-1.8483758770752496
8
1
0
0
1
1647.5
147
connections
0.24999962499999998
bias
0.3999994
disable
0.361
node
0.45125
link
1.9999969999999998
step
0.105263
enable
0.1805
done
9
46
146
1.0
103
1
71
147
1.0
4
1
46
1000000
0.7753695622127221
102
0
146
1000000
0.7753695622127221
13
0
71
1000001
0.8953145324569758
45
0
144
1000001
1.1717051125380173
6
1
147
1000001
0.8953145324569758
5
1
54
1000002
0.21511813350805076
422
1
84
1000002
-1.6375865051596037
200
1
0
0
1
1647.5
146
connections
0.24999962499999998
bias
0.3999994
disable
0.44321196675999996
node
0.49999924999999995
link
2.2160598337999997
step
0.095
enable
0.19999969999999997
done
8
108
146
1.0
282
1
54
1000000
1.1042432116589187
174
1
144
1000000
-0.2001169110327492
11
1
108
1000001
0.4937159525293482
173
0
144
1000001
1.6661336215649887
6
1
146
1000001
0.4937159525293482
8
1
75
1000002
0.853296995185354
392
0
135
1000002
-1.1563571756414768
60
1
0
0
1
-1
147
connections
0.24999962499999998
bias
0.39999939999999995
disable
0.44321196675999996
node
0.5540149584499999
link
2.2160598337999997
step
0.09999984999999999
enable
0.1999997
done
11
91
146
1.0
186
1
97
147
1.0
9
1
129
1000000
1.530939973933045
36
1
103
1000000
-0.9044413886016112
8
1
144
1000000
1.8920354368063155
11
1
91
1000001
0.5649489587790506
185
0
144
1000001
0.561613424074277
6
1
146
1000001
0.5649489587790506
8
1
97
1000001
-0.1665146990857993
26
0
147
1000001
-0.1665146990857993
5
1
0
1000002
0.22864153705687373
184
0
0
0
1
1400.5
146
connections
0.24999962499999998
bias
0.3999994
disable
0.44321196675999996
node
0.5540149584499999
link
1.805
step
0.09999984999999999
enable
0.1805
done
7
126
146
1.0
91
1
93
1000000
-1.8547633957265077
321
1
50
1000000
0.0530080211447399
220
1
126
1000001
0.5089805808899901
80
1
144
1000001
0.5167857711959356
6
1
146
1000001
0.5089805808899901
8
1
8
1000002
1.2668647780666835
160
1
0
0
1
1582.0
146
connections
0.27700747922499996
bias
0.44321196675999996
disable
0.3999994
node
0.45125
link
1.9999969999999998
step
0.09999985
enable
0.1999997
done
7
144
146
1.0
7
1
71
1000000
1.4684709814370662
216
1
144
1000001
1.68737054924924
6
0
131
1000001
-0.41917530925130464
127
1
132
1000001
0.37963324807630494
339
1
146
1000001
1.68737054924924
8
1
28
1000002
-0.5292110990055665
215
0
0
0
1
1647.5
146
connections
0.27700747922499996
bias
0.44321196675999996
disable
0.3999994
node
0.45125
link
2.2160598337999997
step
0.11080299168999999
enable
0.22160598337999998
done
7
104
146
1.0
370
1
131
1000000
0.9443038092860307
411
1
104
1000001
1.1365977145856054
81
0
13
1000001
-0.32924758262202714
161
1
144
1000001
0.9218515573265993
6
1
72
1000001
-0.7909933100299966
69
1
146
1000001
1.1365977145856054
8
1
0
0
1
1224.0
145
connections
0.24999962499999998
bias
0.39999939999999995
disable
0.44321196675999996
node
0.49999924999999995
link
1.9999969999999998
step
0.11080299168999999
enable
0.22160598337999998
done
6
61
1000000
-1.2511426007298745
187
1
80
1000000
-1.8884545173995049
97
1
144
1000000
0.5467316168167451
11
1
136
1000001
-1.94098106714649
241
1
144
1000001
1.2437306612856012
6
1
50
1000002
0.8631248495587642
242
1
0
0
1
1647.5
146
connections
0.225625
bias
0.39999939999999995
disable
0.361
node
0.49999924999999995
link
1.9999969999999998
step
0.09999985
enable
0.1999997
done
7
121
146
1.0
12
1
52
1000000
1.8073185360269641
106
1
121
1000000
1.8275982692216295
305
0
146
1000000
1.8275982692216295
13
1
144
1000001
1.2208416056954543
6
1
128
1000001
-0.8010452247373485
83
1
62
1000002
-1.2028258633482727
11
1
0
0
1
1647.5
146
connections
0.24999962499999998
bias
0.361
disable
0.3999994
node
0.49999924999999995
link
1.805
step
0.09999984999999999
enable
0.1805
done
8
15
146
1.0
13
1
15
1000000
-0.6793539686948145
4
0
146
1000000
-0.6793539686948145
13
1
67
1000001
0.2518721583977186
315
0
144
1000001
1.3708922728738866
6
1
80
1000001
0.5156487674631149
404
1
92
1000002
-1.2743484299603884
202
1
144
1000002
-0.4139254820450966
18
1
0
0
1
1647.5
147
connections
0.27700747922499996
bias
0.3999994
disable
0.44321196675999996
node
0.45125
link
2.2160598337999997
step
0.105263
enable
0.1999997
done
9
144
146
1.0
7
1
135
147
1.0
16
0
135
1000000
-0.7811531315987352
14
0
53
1000000
1.8686451956758194
15
1
147
1000000
-0.7811531315987352
17
1
1
1000001
0.8624475716158546
318
0
124
1000001
-0.6494981916301334
118
1
144
1000001
0.6420144213296641
6
0
146
1000001
0.6420144213296641
8
1
0
0
1
1647.5
147
connections
0.24999962499999998
bias
0.44321196675999996
disable
0.3999994
node
0.45125
link
1.9999969999999998
step
0.11080299168999999
enable
0.22160598337999998
done
9
25
146
1.0
332
0
25
147
1.0
20
1
25
1000001
0.9436233147807878
331
1
144
1000001
1.6111852462039362
6
1
146
1000001
0.9436233147807878
8
1
33
1000001
1.8429257766435576
72
1
104
1000001
-0.7880351472746439
81
1
25
1000002
-1.9748282315595103
348
1
147
1000002
-1.9748282315595103
21
1
0
0
1
1647.5
147
connections
0.225625
bias
0.3999994
disable
0.39999939999999995
node
0.45125
link
1.9999969999999998
step
0.11080299168999999
enable
0.22160598337999998
done
9
26
146
1.0
300
0
147
146
1.0
7
1
26
147
1.0
22
1
26
1000001
-1.6964762805212872
299
0
144
1000001
1.638161031312794
6
1
146
1000001
-1.6964762805212872
8
1
53
1000001
0.14997761388367836
268
1
114
1000002
-1.9642956001267837
352
0
96
1000002
-1.4309906939388028
57
1
0
0
1
1647.5
147
connections
0.24999962499999998
bias
0.361
disable
0.3999994
node
0.49999924999999995
link
1.805
step
0.105263
enable
0.19999969999999997
done
10
130
146
1.0
363
1
19
146
0.3718444791987876
66
1
144
147
1.0
23
1
130
1000000
0.10716695104630425
209
0
34
1000000
-1.765176255476335
243
0
146
1000000
0.10716695104630425
13
1
144
1000000
-0.1452622959865626
11
1
147
1000000
-0.1452622959865626
17
1
144
1000001
0.3991539806420552
6
1
118
1000001
1.430584477889524
31
1
0
0
1
-1
147
connections
0.24999962499999998
bias
0.3999994
disable
0.39999939999999995
node
0.5540149584499999
link
1.9999969999999998
step
0.09999984999999999
enable
0.19999969999999997
done
8
54
146
1.0
356
1
135
147
1.0
16
1
54
1000000
-0.5606880379590438
174
0
146
1000000
-0.5606880379590438
13
1
127
1000000
1.2820578235480635
389
1
140
1000001
1.7735623335251067
283
1
135
1000002
-1.8913934387368303
60
0
147
1000002
-1.8913934387368303
21
1
0
0
1
-1
146
connections
0.24999962499999998
bias
0.44321196675999996
disable
0.3999994
node
0.45125
link
1.805
step
0.09999984999999999
enable
0.22160598337999998
done
7
115
146
1.0
214
1
144
1000000
-0.7486882028209023
11
1
20
1000001
-0.5304969846390932
24
1
67
1000001
1.6536540970729674
315
1
115
1000002
0.7768543766231066
135
0
125
1000002
1.3782465802693205
379
1
146
1000002
0.7768543766231066
22
1
0
0
1
-1
146
connections
0.24999962499999998
bias
0.44321196675999996
disable
0.3999994
node
0.5540149584499999
link
1.9999969999999998
step
0.09999985
enable
0.1805
done
6
11
146
1.0
76
1
2
1000001
-1.9239246405599757
380
1
11
1000001
0.776548112444722
289
1
146
1000001
0.776548112444722
8
1
21
1000001
-0.8714880644625498
101
1
29
1000002
0.46293068194398623
25
1
0
0
1
-1
145
connections
0.225625
bias
0.3999994
disable
0.39999939999999995
node
0.5540149584499999
link
1.9999969999999998
step
0.09025
enable
0.1999997
done
5
1
1000000
1.3704903727722368
164
1
134
1000001
0.9104895127760471
257
1
69
1000002
1.5184795731876854
381
1
96
1000002
-0.036712934546699216
57
0
144
1000002
-1.1535631018262062
18
1
0
0
1
-1
146
connections
0.24999962499999998
bias
0.361
disable
0.3999994
node
0.5540149584499999
link
1.9999969999999998
step
0.09999985
enable
0.1805
done
7
25
146
1.0
332
1
25
1000000
0.107977554343341
382
0
146
1000000
0.107977554343341
13
0
122
1000001
1.760499170540391
20
1
105
1000002
-0.1585392309810194
311
1
123
1000002
1.479552088455017
26
1
144
1000002
-1.17288148999851
18
1
0
0
1
1647.5
145
connections
0.24999962499999998
bias
0.361
disable
0.44321196675999996
node
0.49999924999999995
link
1.805
step
0.105263
enable
0.19999969999999997
done
5
127
1000001
1.7292442690527223
285
1
105
1000001
-0.12279474163291937
383
1
144
1000001
1.3135468934194003
6
1
64
1000002
1.156202767628307
368
1
69
1000002
-1.2215802611786293
381
1
0
0
1
1688.0
145
connections
0.225625
bias
0.361
disable
0.39999939999999995
node
0.49999924999999995
link
1.9999969999999998
step
0.095
enable
0.19999969999999997
done
5
28
1000000
0.7070651641888523
144
1
69
1000000
1.952667125765644
295
1
144
1000001
0.7585521138487463
6
1
58
1000002
-0.17613216016683086
384
1
57
1000002
-0.5826686788707844
10
1
0
0
1
-1
146
connections
0.24999962499999998
bias
0.44321196675999996
disable
0.361
node
0.5540149584499999
link
1.9999969999999998
step
0.09999984999999999
enable
0.22160598337999998
done
6
19
146
1.0
66
1
117
146
0.6353514882702833
131
1
73
1000000
1.4306838352262452
44
0
8
1000001
1.8637341267090402
337
1
19
1000002
-1.9512530068651102
385
0
146
1000002
-1.9512530068651102
22
0
0
0
1
-1
147
connections
0.24999962499999998
bias
0.44321196675999996
disable
0.39999939999999995
node
0.49999924999999995
link
1.805
step
0.09025
enable
0.1805
done
8
133
146
1.0
275
1
123
146
-0.6187273016434047
27
1
146
147
1.0
28
1
95
1000001
-0.9645275076488127
387
1
65
1000001
-0.03558373922014724
353
1
133
1000002
-0.102375394247737
386
0
146
1000002
-0.102375394247737
22
0
147
1000002
-0.102375394247737
21
1
0
0
1
-1
145
connections
0.225625
bias
0.44321196675999996
disable
0.44321196675999996
node
0.5540149584499999
link
2.2160598337999997
step
0.095
enable
0.1999997
done
5
72
1000000
-1.7544963783866203
421
1
138
1000002
-1.2614886614341123
388
1
43
1000002
1.5061769515301249
254
0
104
1000002
-0.2931974777614026
419
1
144
1000002
-1.6980682614586402
18
1
0
0
1
-1
146
connections
0.24999962499999998
bias
0.3999994
disable
0.44321196675999996
node
0.49999924999999995
link
1.9999969999999998
step
0.11080299168999999
enable
0.1999997
done
6
36
146
1.0
29
1
106
1000000
-0.6054069518261178
351
1
126
1000001
-1.6517148086723101
80
1
129
1000001
-1.4851666593273358
35
1
36
1000001
-0.6625127269425031
260
1
146
1000001
-0.6625127269425031
8
1
0
0
1
-1
146
connections
0.24999962499999998
bias
0.361
disable
0.361
node
0.45125
link
1.9999969999999998
step
0.09999985
enable
0.19999969999999997
done
7
41
146
1.0
326
1
41
1000000
1.3854889959141987
325
0
12
1000000
-0.9013002627110884
30
1
146
1000000
1.3854889959141987
13
1
33
1000001
-0.12049733244740818
72
0
1
1000001
-0.36084138101893615
318
1
144
1000002
-1.543019898675821
18
1
0
0
1
-1
147
connections
0.24999962499999998
bias
0.44321196675999996
disable
0.44321196675999996
node
0.45125
link
2.2160598337999997
step
0.105263
enable
0.1805
done
9
127
146
0.9904295850754633
390
0
147
146
0.9904295850754633
7
1
127
147
1.0
33
1
127
1000000
-0.12490287057835382
389
0
146
1000000
-0.08876202748354407
13
0
86
1000000
0.10520483107483258
31
1
143
1000000
-1.6952344342930838
32
1
75
1000001
-1.9401177720818965
235
1
144
1000002
1.6126950738454986
18
1
0
0
1
-1
145
connections
0.24999962499999998
bias
0.3999994
disable
0.361
node
0.49999924999999995
link
2.2160598337999997
step
0.09999984999999999
enable
0.1999997
done
5
132
1000000
0.9302004366283265
5
1
144
1000000
-0.9844892790504667
11
1
2
1000000
0.27695118590156076
2
1
75
1000002
-1.4785483228981118
392
1
122
1000002
0.3655421984585301
255
1
0
0
1
-1
147
connections
0.225625
bias
0.361
disable
0.3999994
node
0.5540149584499999
link
2.2160598337999997
step
0.09999984999999999
enable
0.22160598337999998
done
9
106
146
1.0
190
0
69
146
1.118251581556723
400
1
147
146
1.0
7
1
106
147
1.0
36
1
106
1000000
-1.2276478743367765
351
0
146
1000000
-1.2276478743367765
13
1
93
1000001
0.40429964394321916
34
1
107
1000002
1.8664476325839976
107
0
36
1000002
1.4586677873568408
35
1
0
0
1
-1
145
connections
0.225625
bias
0.361
disable
0.3999994
node
0.49999924999999995
link
1.9999969999999998
step
0.105263
enable
0.22160598337999998
done
4
59
1000001
-0.040485035747028775
393
1
84
1000001
0.30363116385380096
343
0
86
1000001
-1.666572970576147
179
1
17
1000002
-0.09362143043265814
87
1
0
0
1
-1
146
connections
0.24999962499999998
bias
0.3999994
disable
0.39999939999999995
node
0.5540149584499999
link
2.2160598337999997
step
0.11080299168999999
enable
0.1805
done
8
144
146
1.0
7
1
6
1000000
0.6145446465560385
292
0
114
1000000
1.9274577836400444
270
1
96
1000001
1.451269127596801
229
1
10
1000001
-0.8399840252577917
120
1
144
1000001
-1.8772097475542435
6
1
146
1000001
-1.8772097475542435
8
1
144
1000002
-0.14871243260714362
18
1
0
0
1
-1
146
connections
0.24999962499999998
bias
0.39999939999999995
disable
0.44321196675999996
node
0.49999924999999995
link
1.805
step
0.11080299168999999
enable
0.1999997
done
6
44
146
1.0
156
1
96
146
-1.8841996464066009
59
1
121
1000002
0.8296967671876518
394
1
44
1000002
-1.8886349662550992
395
0
146
1000002
-1.8886349662550992
22
1
144
1000002
0.20885995242219124
18
1
0
0
1
-1
147
connections
0.27700747922499996
bias
0.44321196675999996
disable
0.44321196675999996
node
0.49999924999999995
link
2.2160598337999997
step
0.11080299168999999
enable
0.19999969999999997
done
10
73
146
1.0
308
1
130
147
1.0
37
1
73
1000000
-1.0104909391190424
44
0
146
1000000
-1.0104909391190424
13
1
142
1000001
1.4698822440930623
143
1
1000001
1000001
-1.5511556806828852
38
1
120
1000002
1.892596974300913
277
1
130
1000002
1.5773968052286143
125
0
144
1000002
1.2700754401907748
18
1
147
1000002
1.5773968052286143
21
1
0
0
1
-1
146
connections
0.24999962499999998
bias
0.3999994
disable
0.44321196675999996
node
0.49999924999999995
link
1.9999969999999998
step
0.11080299168999999
enable
0.1999997
done
6
50
146
1.0
397
1
50
1000000
1.383379250409626
220
0
128
1000000
-0.08260922974477314
396
1
146
1000000
1.383379250409626
13
0
0
1000000
1.5323338632914782
92
0
14
1000002
-0.7248827044272943
403
1
0
0
1
-1
146
connections
0.24999962499999998
bias
0.3999994
disable
0.39999939999999995
node
0.5540149584499999
link
1.805
step
0.095
enable
0.1999997
done
7
69
146
1.0
400
1
69
1000001
-1.5935829580243919
399
0
146
1000001
-1.5935829580243919
8
1
47
1000001
-1.2539665923306953
109
1
132
1000002
0.3578547218024033
398
1
144
1000002
-0.8937185019792082
18
0
72
1000002
-1.876525694330001
178
1
0
0
1
-1
145
connections
0.24999962499999998
bias
0.361
disable
0.44321196675999996
node
0.5540149584499999
link
1.9999969999999998
step
0.09999984999999999
enable
0.22160598337999998
done
5
1
1000000
-0.703342462411876
164
1
41
1000000
0.2505965460223991
325
1
23
1000001
-0.7715324504239809
203
1
89
1000002
0.10545006595804685
377
1
144
1000002
1.6244025299048936
18
1
0
0
1
-1
147
connections
0.24999962499999998
bias
0.361
disable
0.361
node
0.49999924999999995
link
2.2160598337999997
step
0.11080299168999999
enable
0.22160598337999998
done
9
138
146
1.0
402
1
49
147
1.0
40
1
138
1000000
1.780485158544645
401
0
146
1000000
1.780485158544645
13
0
87
1000000
-0.4118601744398558
38
1
28
1000001
-0.771279626666177
149
1
49
1000001
1.5058990994600303
39
0
147
1000001
1.5058990994600303
5
1
144
1000002
1.2982535526590078
18
1
0
0
1
-1
147
connections
0.27700747922499996
bias
0.44321196675999996
disable
0.3999994
node
0.49999924999999995
link
2.2160598337999997
step
0.095
enable
0.22160598337999998
done
9
14
146
1.0
405
0
9
146
1.7440388152001192
42
1
144
146
-0.06912460128708098
7
1
80
147
1.0
43
1
23
1000000
-1.7954462403387388
41
1
80
1000001
-1.275174184768197
404
0
147
1000001
-1.275174184768197
5
0
14
1000002
1.0603012572083075
403
0
146
1000002
1.0603012572083075
22
1
0
0
1
-1
147
connections
0.27700747922499996
bias
0.39999939999999995
disable
0.39999939999999995
node
0.5540149584499999
link
1.9999969999999998
step
0.11080299168999999
enable
0.1805
done
10
26
146
1.0
300
1
13
146
-0.657744909260197
44
1
80
146
1.0507294514374235
99
1
144
146
-0.4163511782507259
7
0
147
146
-0.4163511782507259
7
1
144
147
1.0
23
1
26
1000000
-0.6032591221872896
391
1
144
1000000
-0.936201542382948
11
1
146
1000000
-0.6032591221872896
13
1
89
1000002
0.5752888747582032
377
1
0
0
1
-1
147
connections
0.24999962499999998
bias
0.39999939999999995
disable
0.39999939999999995
node
0.5540149584499999
link
1.805
step
0.09025
enable
0.19999969999999997
done
8
134
146
1.0
96
1
147
146
1.0
7
1
134
147
1.0
45
0
31
1000000
-1.1007511637232184
62
1
118
1000001
1.5737376376397636
31
1
134
1000002
0.2397144353800904
406
0
146
1000002
0.2397144353800904
22
1
106
1000002
-0.6503793281517587
189
1
0
0
1
-1
146
connections
0.225625
bias
0.39999939999999995
disable
0.44321196675999996
node
0.5540149584499999
link
2.2160598337999997
step
0.095
enable
0.1805
done
6
3
146
1.0
46
1
3
1000000
-0.9557587836287027
407
0
146
1000000
-0.9557587836287027
13
1
115
1000001
-0.9805974958088326
213
0
69
1000002
-0.7452814593032029
381
1
139
1000002
1.7518722609653898
175
1
0
0
1
-1
145
connections
0.24999962499999998
bias
0.3999994
disable
0.3999994
node
0.5540149584499999
link
1.9999969999999998
step
0.09999985
enable
0.22160598337999998
done
4
101
1000000
-0.36090892635735683
141
1
40
1000000
1.4812667412654013
89
1
128
1000002
-0.6227929424623246
288
0
109
1000002
-1.041123338075407
153
1
0
0
1
-13.5
145
connections
0.225625
bias
0.44321196675999996
disable
0.39999939999999995
node
0.49999924999999995
link
1.9999969999999998
step
0.09999985
enable
0.1805
done
5
99
1000000
-0.17492872064471188
51
1
30
1000000
-0.4789695019156399
47
0
144
1000000
1.6890475819802786
11
1
103
1000001
-0.3698030170695259
409
0
57
1000001
0.7015139894082152
410
1
0
0
1
-1
147
connections
0.27700747922499996
bias
0.44321196675999996
disable
0.44321196675999996
node
0.5540149584499999
link
1.805
step
0.11080299168999999
enable
0.22160598337999998
done
8
18
146
1.0
346
0
147
146
1.0
7
1
18
147
1.0
48
1
131
1000000
0.5596953222470864
411
1
18
1000000
-1.40790644404006
345
0
146
1000000
-1.40790644404006
13
0
125
1000000
0.9244886747847123
78
1
110
1000002
-1.6612199023501968
357
1
0
0
1
-1
145
connections
0.27700747922499996
bias
0.3999994
disable
0.3999994
node
0.49999924999999995
link
1.805
step
0.105263
enable
0.19999969999999997
done
5
140
1000000
-0.04304814319780448
239
1
106
1000001
-1.6691517470041402
317
1
18
1000001
0.3960549437481502
217
0
85
1000001
1.7589656642674592
163
1
144
1000002
1.8528267801589209
18
1
0
0
1
-13.5
145
connections
0.225625
bias
0.3999994
disable
0.3999994
node
0.49999924999999995
link
1.9999969999999998
step
0.11080299168999999
enable
0.22160598337999998
done
6
13
1000000
-0.5756389924416769
412
1
144
1000000
1.4049210958161198
11
1
144
1000001
-1.138326187621446
6
1
50
1000001
1.3597123513330094
276
1
37
1000002
0.4831113929950641
104
1
63
1000002
-0.8971621811463524
49
1
0
0
1
-1
146
connections
0.225625
bias
0.44321196675999996
disable
0.361
node
0.45125
link
1.805
step
0.11080299168999999
enable
0.1999997
done
7
132
146
1.0
340
1
138
1000001
-0.3759936196860858
413
1
31
1000001
-1.9848095947412556
50
1
75
1000002
1.7518532077566848
392
0
144
1000002
-0.1096836502043641
18
1
132
1000002
1.2073331800831197
398
0
146
1000002
1.2073331800831197
22
0
0
0
2
-1
146
connections
0.225625
bias
0.361
disable
0.3999994
node
0.5540149584499999
link
1.9999969999999998
step
0.09999984999999999
enable
0.1805
done
7
124
146
1.0
415
1
124
1000000
-0.914784609344816
414
1
146
1000000
-0.914784609344816
13
1
132
1000000
-0.7814955268086257
5
1
1
1000001
0.793160495068137
318
1
144
1000002
-1.8498778940379617
18
1
29
1000002
-0.3043850167631583
25
0
-1
147
connections
0.225625
bias
0.361
disable
0.361
node
0.49999924999999995
link
2.2160598337999997
step
0.11080299168999999
enable
0.1805
done
9
124
146
1.0
415
1
1
147
1.0
66
1
124
1000000
-0.914784609344816
414
0
146
1000000
-0.914784609344816
13
1
64
1000000
0.3793669732489282
56
1
1
1000001
0.793160495068137
318
1
120
1000001
-1.6235402863192774
43
1
147
1000001
0.793160495068137
5
1
144
1000002
-1.8498778940379617
18
1
0
0
1
-16.0
147
connections
0.24999962499999998
bias
0.44321196675999996
disable
0.44321196675999996
node
0.49999924999999995
link
1.805
step
0.11080299168999999
enable
0.1999997
done
9
124
146
1.0405782260452079
415
1
9
147
1.0
52
1
141
1000000
1.5610117883625216
320
1
111
1000001
1.7819506830512153
417
1
9
1000001
0.4897679907572816
51
0
147
1000001
0.4897679907572816
5
1
124
1000002
2.0996514888900792
416
0
146
1000002
2.083906603658606
22
1
144
1000002
1.681363457743216
18
1
0
0
1
-1
147
connections
0.24999962499999998
bias
0.44321196675999996
disable
0.44321196675999996
node
0.5540149584499999
link
1.805
step
0.11080299168999999
enable
0.22160598337999998
done
6
84
146
1.0
344
1
84
1000001
0.9577248579857391
343
0
118
1000001
1.190622058688119
31
0
146
1000001
0.9577248579857391
8
1
71
1000002
0.17882564851943172
115
1
127
1000002
-1.1375713373165226
53
1
0
0
1
1664.5
146
connections
0.27700747922499996
bias
0.39999939999999995
disable
0.361
node
0.49999924999999995
link
2.2160598337999997
step
0.09999984999999999
enable
0.19999969999999997
done
7
128
146
1.0
54
1
93
1000000
-1.416913610946525
321
1
128
1000000
-0.9211288027749176
396
0
146
1000000
-0.9211288027749176
13
0
61
1000001
1.8537297282427672
303
1
144
1000001
1.4057498501087298
6
1
142
1000002
0.7236929543324583
230
0
0
0
1
-1
146
connections
0.27700747922499996
bias
0.361
disable
0.361
node
0.49999924999999995
link
1.9999969999999998
step
0.095
enable
0.1805
done
7
34
146
1.0
418
0
32
146
-1.0739153651207496
248
1
34
1000000
1.6087084412687318
243
0
146
1000000
1.6087084412687318
13
1
144
1000001
0.6778293379201501
6
0
56
1000001
0.06348219709208891
132
1
73
1000002
1.7861261357220237
162
1
0
0
1
-13.5
145
connections
0.24999962499999998
bias
0.44321196675999996
disable
0.39999939999999995
node
0.5540149584499999
link
1.9999969999999998
step
0.09999984999999999
enable
0.22160598337999998
done
5
112
1000000
0.795583465006407
23
1
72
1000000
-1.1278408794089274
421
0
64
1000000
-1.6001766254194725
56
1
120
1000001
1.25119025558475
43
1
144
1000002
1.7034988906672748
18
1
0
0
1
-1
147
connections
0.225625
bias
0.361
disable
0.39999939999999995
node
0.49999924999999995
link
1.805
step
0.095
enable
0.1999997
done
8
10
146
0.9431888908722033
310
1
42
147
1.0
57
1
42
1000000
-1.34893212774669
28
0
10
1000000
1.2774905217205392
314
0
146
1000000
1.3237292880329723
13
1
72
1000000
1.796218382686015
421
1
147
1000000
-1.34893212774669
17
1
18
1000001
-0.11149465408136194
217
1
0
0
1
-13.5
147
connections
0.24999962499999998
bias
0.3999994
disable
0.361
node
0.49999924999999995
link
2.2160598337999997
step
0.09025
enable
0.1999997
done
8
57
146
1.0
423
1
61
146
-0.9502769770247208
58
1
144
146
-1.5558988095926725
7
1
57
1000000
-0.5116903209829626
324
0
146
1000000
-0.5116903209829626
13
1
17
1000001
-1.626649251235273
429
1
54
1000002
-0.9750591276169724
422
1
144
1000002
-0.8489058174666395
18
1
0
0
1
-1
146
connections
0.27700747922499996
bias
0.361
disable
0.44321196675999996
node
0.45125
link
1.9999969999999998
step
0.11080299168999999
enable
0.19999969999999997
done
6
9
146
1.0
42
1
47
1000000
-0.7362470188825818
425
1
108
1000000
-0.9613698227235519
79
1
9
1000000
1.176131471689689
307
0
146
1000000
1.176131471689689
13
0
131
1000002
0.5977752401658352
424
0
0
0
1
-1
145
connections
0.24999962499999998
bias
0.39999939999999995
disable
0.361
node
0.49999924999999995
link
1.9999969999999998
step
0.105263
enable
0.19999969999999997
done
4
4
1000000
-0.8727963992856687
298
1
87
1000001
-0.7769953798962828
60
1
20
1000002
1.779717793021109
341
1
1000001
1000002
1.5015403789888966
19
1
0
0
1
-1
146
connections
0.225625
bias
0.44321196675999996
disable
0.3999994
node
0.49999924999999995
link
2.2160598337999997
step
0.11080299168999999
enable
0.19999969999999997
done
7
144
146
1.0
7
1
66
1000000
1.6771893166053813
64
1
144
1000000
-0.21204132212601046
11
0
146
1000000
-0.21204132212601046
13
1
96
1000001
0.6602814602521719
229
1
35
1000001
-0.25137102989929483
61
1
32
1000002
0.7424395106269102
247
1
0
0
1
1647.5
145
connections
0.24999962499999998
bias
0.44321196675999996
disable
0.44321196675999996
node
0.49999924999999995
link
1.9999969999999998
step
0.095
enable
0.22160598337999998
done
5
71
1000001
-0.1471497274497131
45
1
6
1000001
0.355411506906572
63
1
144
1000001
1.132429502448033
6
1
50
1000002
-1.4692082294605924
242
1
35
1000002
1.327099253775458
249
1
0
0
1
-1
145
connections
0.225625
bias
0.39999939999999995
disable
0.44321196675999996
node
0.45125
link
1.9999969999999998
step
0.11080299168999999
enable
0.1999997
done
3
119
1000000
1.7899696978647102
113
1
109
1000000
-1.4477453727002576
302
1
132
1000002
-0.8464453944625694
398
1
0
0
1
-1
147
connections
0.24999962499999998
bias
0.39999939999999995
disable
0.3999994
node
0.5540149584499999
link
1.805
step
0.09999985
enable
0.1999997
done
9
97
146
1.0
27
0
147
146
1.0
7
1
97
147
1.0
9
1
112
1000000
1.7461530529832774
23
1
144
1000000
-0.6522770712921311
11
1
97
1000001
-0.29523977738088103
26
0
146
1000001
-0.29523977738088103
8
0
134
1000002
1.2030173953546988
406
1
8
1000002
-0.404417478049798
160
1
0
0
1
-1
145
connections
0.24999962499999998
bias
0.39999939999999995
disable
0.3999994
node
0.49999924999999995
link
1.9999969999999998
step
0.11080299168999999
enable
0.19999969999999997
done
4
101
1000000
-1.825907289192135
141
1
18
1000001
-0.6391328828930392
217
1
97
1000002
1.8253415714806227
64
0
109
1000002
-0.7349575199831389
153
1
0
0
1
1685.5
145
connections
0.24999962499999998
bias
0.39999939999999995
disable
0.361
node
0.45125
link
1.805
step
0.09999985
enable
0.19999969999999997
done
3
1000001
1000000
-0.6010131689611082
65
1
144
1000001
0.9552608600724009
6
1
88
1000002
0.44737029109050175
70
1
0
0
1
-1
145
connections
0.27700747922499996
bias
0.361
disable
0.39999939999999995
node
0.5540149584499999
link
1.805
step
0.095
enable
0.1805
done
4
58
1000000
-0.8131173628818997
358
1
123
1000001
0.7145474067126969
278
1
138
1000002
-0.49724403691029595
388
1
31
1000002
-0.7634752134480278
226
1
0
0
1
487.0
145
connections
0.24999962499999998
bias
0.39999939999999995
disable
0.3999994
node
0.49999924999999995
link
1.805
step
0.09999985
enable
0.1999997
done
6
52
1000000
1.8431142856549605
106
1
121
1000000
0.6410536209257987
305
1
39
1000000
-0.7740877429849946
67
0
144
1000001
1.316836397590008
6
1
20
1000002
-0.6813679465637157
341
1
144
1000002
1.790410190372432
18
1
0
0
1
-1
146
connections
0.24999962499999998
bias
0.361
disable
0.44321196675999996
node
0.49999924999999995
link
2.2160598337999997
step
0.105263
enable
0.1999997
done
6
57
146
1.0
423
1
106
1000000
-0.6054069518261178
351
1
57
1000000
-0.0021201485521173957
324
0
146
1000000
-0.0021201485521173957
13
1
126
1000001
-1.6517148086723101
80
1
97
1000001
0.575045370281928
26
0
0
0
1
-13.5
147
connections
0.27700747922499996
bias
0.44321196675999996
disable
0.39999939999999995
node
0.45125
link
2.2160598337999997
step
0.09999985
enable
0.1999997
done
8
127
146
1.0
390
1
1000000
146
0.006849527181093329
69
1
75
147
1.0
71
1
127
1000000
-0.05192830877428589
389
0
146
1000000
-0.05192830877428589
13
1
81
1000000
1.2270586381160289
70
1
75
1000001
-1.8924968618475768
235
0
147
1000001
-1.8924968618475768
5
1
0
0
1
-1
145
connections
0.27700747922499996
bias
0.39999939999999995
disable
0.361
node
0.45125
link
1.9999969999999998
step
0.11080299168999999
enable
0.19999969999999997
done
6
11
1000000
-0.8547481747070433
72
1
61
1000001
1.755905333400206
303
1
144
1000001
1.4963711030924984
6
0
142
1000002
0.8137805905394591
230
0
50
1000002
1.2083674588698181
242
1
144
1000002
1.803514295629034
18
1
0
0
1
-13.5
145
connections
0.24999962499999998
bias
0.44321196675999996
disable
0.44321196675999996
node
0.49999924999999995
link
1.9999969999999998
step
0.11080299168999999
enable
0.1805
done
5
65
1000000
-1.920626100227759
24
1
135
1000000
1.8638416576180084
14
1
53
1000001
-0.6726909001695569
268
1
22
1000002
-0.7688175185577255
369
1
144
1000002
0.16490392941478493
18
1
0
0
1
1932.0
146
connections
0.27700747922499996
bias
0.39999939999999995
disable
0.44321196675999996
node
0.45125
link
1.805
step
0.09999984999999999
enable
0.19999969999999997
done
7
144
146
1.0
7
1
57
1000000
-1.9512871589307155
324
1
85
1000000
1.801199797934371
105
1
136
1000001
-1.94098106714649
241
1
144
1000001
1.2437306612856012
6
0
146
1000001
1.2437306612856012
8
1
50
1000002
0.8631248495587642
242
1
0
0
1
-1
146
connections
0.225625
bias
0.361
disable
0.3999994
node
0.5540149584499999
link
1.9999969999999998
step
0.095
enable
0.1999997
done
7
109
146
1.0
154
1
109
1000000
1.967767040076222
302
0
146
1000000
1.967767040076222
13
1
58
1000001
1.5135102656279877
301
1
144
1000002
1.1155842094701853
18
1
54
1000002
-1.3032693757365275
422
1
108
1000002
-1.5775883102922408
73
1
0
0
1
-1
145
connections
0.24999962499999998
bias
0.3999994
disable
0.361
node
0.49999924999999995
link
2.2160598337999997
step
0.09999985
enable
0.1999997
done
4
85
1000000
-0.42968374589962544
105
0
102
1000001
-1.7517170659639865
177
1
15
1000002
0.3427814836071803
15
1
133
1000002
-0.7257195934339951
386
1
0
0
1
850.5
146
connections
0.24999962499999998
bias
0.3999994
disable
0.3999994
node
0.45125
link
1.9999969999999998
step
0.105263
enable
0.1805
done
8
46
146
1.0
103
1
144
146
0.9556157903557323
7
1
46
1000000
0.7753695622127221
102
0
146
1000000
0.7753695622127221
13
0
2
1000000
0.6730958776904061
2
1
71
1000001
0.8953145324569758
45
1
144
1000001
1.1717051125380173
6
1
49
1000002
-1.5862281625419552
74
1
0
0
1
-1
146
connections
0.24999962499999998
bias
0.361
disable
0.39999939999999995
node
0.5540149584499999
link
1.9999969999999998
step
0.095
enable
0.1805
done
7
31
146
1.0
75
1
31
1000000
0.7189230596225742
62
1
104
1000000
-0.4066201271493557
296
1
146
1000000
0.7189230596225742
13
1
96
1000001
1.451269127596801
229
1
10
1000001
-0.8399840252577917
120
1
144
1000001
-1.8772097475542435
6
1
0
0
1
-1
146
connections
0.24999962499999998
bias
0.39999939999999995
disable
0.44321196675999996
node
0.45125
link
1.9999969999999998
step
0.09999984999999999
enable
0.19999969999999997
done
7
25
146
1.0
332
1
90
146
0.5530065444996528
47
1
78
1000000
-0.7448211382594092
330
1
25
1000001
-0.5967058851087375
331
0
146
1000001
-0.5967058851087375
8
1
144
1000001
-0.3990849880545704
6
1
38
1000002
-1.911763623428925
16
1
0
0
1
-1
145
connections
0.24999962499999998
bias
0.44321196675999996
disable
0.361
node
0.45125
link
2.2160598337999997
step
0.095
enable
0.22160598337999998
done
4
40
1000000
1.0080237837131354
89
1
97
1000000
0.8901999362194348
327
1
134
1000000
0.4058024137088245
94
1
82
1000001
-0.4817250669040556
77
1
0
0
1
-1
146
connections
0.225625
bias
0.361
disable
0.44321196675999996
node
0.5540149584499999
link
1.9999969999999998
step
0.095
enable
0.1999997
done
6
84
146
1.0
344
1
1
1000000
1.3704903727722368
164
1
84
1000000
0.2708390806971659
78
0
146
1000000
0.2708390806971659
13
1
23
1000001
-1.2857607235044366
203
0
69
1000002
1.5184795731876854
381
1
0
0
1
-1
147
connections
0.225625
bias
0.3999994
disable
0.39999939999999995
node
0.5540149584499999
link
1.9999969999999998
step
0.09999984999999999
enable
0.1805
done
10
104
146
1.0
370
1
140
146
-1.482633661645762
79
1
41
146
0.35103670181615243
326
1
26
147
1.0
22
1
104
1000000
-0.1613879512408647
296
0
146
1000000
-0.1613879512408647
13
0
144
1000001
-0.9474362906563378
6
1
26
1000002
-0.5414518557303709
67
0
144
1000002
-0.40228120424104485
18
1
147
1000002
-0.5414518557303709
21
1
0
0
1
-1
147
connections
0.225625
bias
0.39999939999999995
disable
0.39999939999999995
node
0.5540149584499999
link
2.2160598337999997
step
0.11080299168999999
enable
0.22160598337999998
done
9
70
146
1.0016803401812264
150
1
28
146
-0.11104948094597367
80
1
146
147
1.0
28
1
121
1000000
-1.4296568996302423
305
1
70
1000001
-1.5849458946567274
323
0
146
1000001
-1.4105236174054352
8
0
53
1000001
-0.7647140924125626
268
1
144
1000001
-0.6311285048879336
6
1
147
1000001
-1.4105236174054352
5
1
0
0
1
-1
145
connections
0.225625
bias
0.3999994
disable
0.44321196675999996
node
0.45125
link
1.9999969999999998
step
0.11080299168999999
enable
0.1805
done
5
88
1000001
1.5990040788326352
294
0
144
1000001
-1.5347557275751624
6
0
9
1000001
-0.8074475827279022
51
1
70
1000002
1.8237217207135052
148
1
144
1000002
1.5368867079586264
18
1
0
0
1
-1
145
connections
0.24999962499999998
bias
0.3999994
disable
0.39999939999999995
node
0.5540149584499999
link
1.805
step
0.105263
enable
0.1805
done
6
144
1000000
0.7029597143072818
11
1
47
1000001
1.4305439535622204
109
1
65
1000001
1.9542477801426803
353
1
119
1000001
-0.25403480583753657
428
0
64
1000002
1.351246045003252
368
1
144
1000002
-1.7457281034268806
18
1
0
0
1
-1
145
connections
0.24999962499999998
bias
0.44321196675999996
disable
0.39999939999999995
node
0.49999924999999995
link
1.9999969999999998
step
0.09999984999999999
enable
0.1999997
done
6
65
1000000
-1.920626100227759
24
1
62
1000000
-1.5315732972087348
81
1
144
1000001
-1.3218600736917523
6
1
22
1000002
-0.7688175185577255
369
1
144
1000002
0.16490392941478493
18
1
66
1000002
-0.89957393374213
82
1
0
0
1
-1
147
connections
0.225625
bias
0.3999994
disable
0.3999994
node
0.49999924999999995
link
2.2160598337999997
step
0.105263
enable
0.22160598337999998
done
9
106
146
1.0
190
0
126
146
1.1828251067139477
91
1
146
147
1.0
28
1
106
1000000
-1.2276478743367765
351
0
146
1000000
-1.2276478743367765
13
0
147
1000000
-1.2276478743367765
17
1
1000000
1000001
1.2054160177548194
55
1
144
1000001
-1.1618868657749557
6
1
107
1000002
1.8664476325839976
107
1
0
0
1
1647.5
147
connections
0.27700747922499996
bias
0.361
disable
0.39999939999999995
node
0.45125
link
1.9999969999999998
step
0.11080299168999999
enable
0.1999997
done
9
144
146
1.0
7
1
104
147
1.0
85
1
104
1000000
-1.6031823986055587
296
0
51
1000000
-1.7234784131015202
84
1
147
1000000
-1.6031823986055587
17
1
1
1000001
0.8624475716158546
318
0
124
1000001
-0.6494981916301334
118
1
144
1000001
0.6420144213296641
6
0
146
1000001
0.6420144213296641
8
1
0
0
1
-13.5
147
connections
0.27700747922499996
bias
0.39999939999999995
disable
0.39999939999999995
node
0.5540149584499999
link
1.805
step
0.09999985
enable
0.1999997
done
8
133
146
1.0
275
0
147
146
1.0
7
0
133
147
1.0
86
1
144
1000000
0.3283555243692806
11
1
95
1000001
-0.9645275076488127
387
1
80
1000001
-0.4917516387033869
404
1
133
1000002
-0.102375394247737
386
0
146
1000002
-0.102375394247737
22
1
0
0
1
-1
146
connections
0.27700747922499996
bias
0.3999994
disable
0.361
node
0.45125
link
1.9999969999999998
step
0.105263
enable
0.19999969999999997
done
4
58
1000000
-1.4112729389403804
358
1
33
1000000
-0.7160865974881285
87
0
42
1000002
-1.5958964818049073
42
0
55
1000002
0.5431283946761258
76
1
0
0
1
1582.0
146
connections
0.24999962499999998
bias
0.39999939999999995
disable
0.361
node
0.49999924999999995
link
1.9999969999999998
step
0.095
enable
0.1805
done
7
136
146
1.0
279
1
71
1000000
1.4684709814370662
216
1
136
1000000
-0.3652944694405411
32
1
146
1000000
-0.3652944694405411
13
1
144
1000001
1.68737054924924
6
1
28
1000002
-0.5292110990055665
215
0
62
1000002
-0.6576243986861758
11
1
0
0
1
-1
147
connections
0.27700747922499996
bias
0.361
disable
0.44321196675999996
node
0.49999924999999995
link
2.2160598337999997
step
0.095
enable
0.1805
done
8
50
146
1.0
397
0
147
146
1.0
7
1
50
147
1.0
88
0
50
1000000
1.383379250409626
220
1
128
1000000
-0.08260922974477314
396
1
146
1000000
1.383379250409626
13
0
57
1000000
1.3783938149029389
324
1
57
1000001
-0.6895690484035382
410
1
0
0
1
-1
146
connections
0.24999962499999998
bias
0.39999939999999995
disable
0.3999994
node
0.49999924999999995
link
1.9999969999999998
step
0.09025
enable
0.1805
done
7
59
146
1.0
62
1
71
1000000
1.4684709814370662
216
1
75
1000000
1.249317720013078
89
1
144
1000001
1.68737054924924
6
1
28
1000002
-0.5292110990055665
215
0
59
1000002
0.3987474994064062
280
0
146
1000002
0.3987474994064062
22
1
0
0
1
-1
147
connections
0.24999962499999998
bias
0.39999939999999995
disable
0.39999939999999995
node
0.5540149584499999
link
1.805
step
0.09999985
enable
0.1999997
done
6
133
146
1.0
275
1
123
1000000
-1.5997406117269954
176
1
95
1000001
-0.9645275076488127
387
1
133
1000002
-0.102375394247737
386
0
146
1000002
-0.102375394247737
22
1
78
1000002
0.37956546566629656
192
1
0
0
1
-1
146
connections
0.24999962499999998
bias
0.39999939999999995
disable
0.3999994
node
0.49999924999999995
link
1.9999969999999998
step
0.11080299168999999
enable
0.22160598337999998
done
6
52
146
1.0
269
1
129
146
-0.8125174236012205
420
1
52
1000001
0.7898665531833702
312
1
146
1000001
0.7898665531833702
8
1
81
1000001
-1.7928940256552304
91
1
105
1000002
1.8288419621712881
311
1
0
0
1
-1
146
connections
0.225625
bias
0.44321196675999996
disable
0.39999939999999995
node
0.5540149584499999
link
1.9999969999999998
step
0.09999985
enable
0.22160598337999998
done
7
98
146
1.0
158
1
117
1000000
0.06110016672480478
130
0
98
1000000
0.8152733884274355
316
0
146
1000000
0.8152733884274355
13
1
138
1000001
-0.9703700670136914
413
1
144
1000001
-1.188373904232857
6
1
31
1000002
1.539687172911803
226
0
0
0
1
-1
145
connections
0.24999962499999998
bias
0.39999939999999995
disable
0.3999994
node
0.49999924999999995
link
1.9999969999999998
step
0.09999985
enable
0.22160598337999998
done
4
4
1000000
-0.8727963992856687
298
0
64
1000000
-0.43867871805040615
56
1
20
1000002
1.779717793021109
341
1
116
1000002
-1.7767442194041312
362
1
0
0
1
-1
147
connections
0.27700747922499996
bias
0.44321196675999996
disable
0.39999939999999995
node
0.5540149584499999
link
1.9999969999999998
step
0.11080299168999999
enable
0.1999997
done
8
66
146
1.0
252
1
62
146
-0.13899278319248776
92
1
98
147
1.0
93
1
66
1000000
1.950849188314145
64
0
146
1000000
1.950849188314145
13
1
46
1000000
1.894821804638818
102
1
98
1000002
1.5122433449669432
182
0
147
1000002
1.5122433449669432
21
1
0
0
1
-1
147
connections
0.225625
bias
0.361
disable
0.44321196675999996
node
0.49999924999999995
link
1.805
step
0.11080299168999999
enable
0.1805
done
8
102
146
0.9331949262452945
172
0
101
146
0.02956406581610027
94
1
147
146
0.9331949262452945
7
1
102
147
1.0
95
1
102
1000000
-1.938483163111407
170
0
146
1000000
-2.0431187168097793
13
0
102
1000001
-1.1857952666286782
177
1
11
1000001
-1.2657773530761025
289
1
0
0
1
-1
145
connections
0.225625
bias
0.39999939999999995
disable
0.39999939999999995
node
0.49999924999999995
link
1.805
step
0.09999985
enable
0.1999997
done
4
106
1000000
0.38951734610949584
351
1
93
1000000
-1.1115152541069113
321
1
23
1000001
0.9718119838798169
203
0
111
1000002
1.329760357316109
138
1
0
0
1
-1
147
connections
0.225625
bias
0.39999939999999995
disable
0.361
node
0.5540149584499999
link
1.805
step
0.11080299168999999
enable
0.19999969999999997
done
8
19
146
1.0
66
1
101
146
0.39733845768110854
94
1
73
147
1.0
96
1
73
1000000
1.4306838352262452
44
0
147
1000000
1.4306838352262452
17
0
19
1000002
-1.9512530068651102
385
0
146
1000002
-1.9512530068651102
22
0
131
1000002
-0.3085133922852603
424
1
0
0
1
-1
146
connections
0.225625
bias
0.361
disable
0.44321196675999996
node
0.49999924999999995
link
1.805
step
0.105263
enable
0.19999969999999997
done
6
79
146
1.0
222
1
91
1000000
1.369686312655873
133
0
79
1000000
-0.601790160894434
221
0
146
1000000
-0.601790160894434
13
1
99
1000001
0.5177257780121858
240
1
120
1000001
-1.4305368033053525
43
0
0
0
1
1637.0
147
connections
0.24999962499999998
bias
0.39999939999999995
disable
0.39999939999999995
node
0.49999924999999995
link
2.2160598337999997
step
0.11080299168999999
enable
0.1805
done
10
91
146
1.0
186
1
144
147
1.0
23
1
98
1000000
1.6078293199312013
316
1
144
1000000
-0.9035654740871135
11
0
147
1000000
-0.9035654740871135
17
1
91
1000001
0.5649489587790506
185
0
144
1000001
0.561613424074277
6
1
146
1000001
0.5649489587790506
8
0
59
1000001
-1.8151876287191082
393
1
0
1000002
0.22864153705687373
184
0
0
0
1
1647.5
146
connections
0.225625
bias
0.44321196675999996
disable
0.361
node
0.45125
link
1.9999969999999998
step
0.095
enable
0.22160598337999998
done
5
144
146
1.0
7
1
144
1000001
0.9552608600724009
6
0
143
1000001
1.8469397909456782
193
1
146
1000001
0.9552608600724009
8
1
132
1000002
-1.0641272382879454
398
1
0
0
1
1647.5
145
connections
0.225625
bias
0.44321196675999996
disable
0.361
node
0.45125
link
1.805
step
0.09025
enable
0.19999969999999997
done
3
144
1000001
0.9552608600724009
6
1
57
1000002
0.8636169401275411
10
1
103
1000002
-0.9965370706075665
48
1
0
0
1
-1
146
connections
0.27700747922499996
bias
0.44321196675999996
disable
0.44321196675999996
node
0.5540149584499999
link
1.9999969999999998
step
0.11080299168999999
enable
0.1999997
done
8
26
146
1.0
300
1
25
146
-0.42830237477604793
332
1
26
1000000
-0.6032591221872896
391
1
144
1000000
-0.936201542382948
11
1
146
1000000
-0.6032591221872896
13
1
1000002
1000000
0.8553942197436131
97
1
89
1000002
0.5752888747582032
377
1
144
1000002
-1.6451129872280275
18
1
0
0
1
-1
147
connections
0.24999962499999998
bias
0.39999939999999995
disable
0.361
node
0.45125
link
1.805
step
0.09999984999999999
enable
0.19999969999999997
done
9
115
146
1.0
214
0
147
146
1.0
7
1
115
147
1.0
98
1
108
1000000
0.586605969414904
79
1
27
1000001
-0.2676518043397573
155
1
115
1000002
0.7768543766231066
135
0
125
1000002
1.3782465802693205
379
1
146
1000002
0.7768543766231066
22
1
144
1000002
-0.33867773260050127
18
1
0
0
1
-1
146
connections
0.27700747922499996
bias
0.361
disable
0.361
node
0.45125
link
1.9999969999999998
step
0.11080299168999999
enable
0.19999969999999997
done
6
95
146
1.0
99
1
9
1000000
-1.1186415209197245
307
1
95
1000000
-0.16119594529465742
33
0
52
1000000
0.1760557630545021
106
1
146
1000000
-0.16119594529465742
13
1
59
1000001
-1.494352792753968
393
1
0
0
1
3211.5
146
connections
0.24999962499999998
bias
0.44321196675999996
disable
0.39999939999999995
node
0.45125
link
1.805
step
0.11080299168999999
enable
0.19999969999999997
done
8
2
146
1.0
50
1
2
1000000
1.9758832147883627
2
0
18
1000000
-1.0361665659996673
345
1
146
1000000
1.9758832147883627
13
1
136
1000001
-1.94098106714649
241
0
144
1000001
1.2437306612856012
6
1
50
1000002
0.8631248495587642
242
1
144
1000002
0.6397273063606836
18
1
0
0
1
-1
146
connections
0.24999962499999998
bias
0.3999994
disable
0.39999939999999995
node
0.49999924999999995
link
1.9999969999999998
step
0.105263
enable
0.1999997
done
6
134
146
1.0
96
1
58
1000000
-0.8131173628818997
358
1
123
1000001
0.7145474067126969
278
1
72
1000001
1.6429810712842374
69
1
134
1000002
-1.9564621162944595
406
0
146
1000002
-1.9564621162944595
22
1
0
0
1
-13.5
147
connections
0.24999962499999998
bias
0.39999939999999995
disable
0.39999939999999995
node
0.5540149584499999
link
1.9999969999999998
step
0.09999985
enable
0.1805
done
9
2
146
1.0998787571462083
50
0
108
146
1.0607006744635643
282
0
147
146
1.0998787571462083
7
1
2
147
1.0
100
1
144
1000000
0.00583008117237549
11
1
128
1000002
1.9590139784529716
288
1
2
1000002
-1.7610413032252552
49
0
146
1000002
-1.852508540516391
22
1
144
1000002
1.108678052384827
18
1
0
0
1
-1
146
connections
0.24999962499999998
bias
0.39999939999999995
disable
0.361
node
0.5540149584499999
link
1.805
step
0.09025
enable
0.1805
done
6
73
146
1.0
308
1
114
146
-0.19058013063086054
271
1
120
1000002
1.083018436672404
277
1
73
1000002
0.5755378792073009
162
0
146
1000002
0.5755378792073009
22
1
44
1000002
1.168899148702423
395
1
0
0
1
1647.5
145
connections
0.24999962499999998
bias
0.39999939999999995
disable
0.3999994
node
0.45125
link
1.9999969999999998
step
0.09999985
enable
0.1805
done
5
52
1000000
1.8073185360269641
106
1
121
1000000
1.8275982692216295
305
1
144
1000001
1.2208416056954543
6
1
24
1000001
-0.5410283092413049
191
1
13
1000001
0.2799039701716155
161
1
0
0
1
757.0
146
connections
0.27700747922499996
bias
0.361
disable
0.44321196675999996
node
0.5540149584499999
link
1.9999969999999998
step
0.09999985
enable
0.22160598337999998
done
5
14
1000000
-0.7193404916143868
25
0
48
1000001
0.5951429674248793
372
1
36
1000001
-1.5943480846690363
260
1
144
1000001
0.7299053755455311
6
1
68
1000002
-0.6818198652404259
53
1
0
0
1
1647.5
146
connections
0.24999962499999998
bias
0.44321196675999996
disable
0.44321196675999996
node
0.45125
link
1.805
step
0.105263
enable
0.22160598337999998
done
7
115
146
1.0
214
1
115
1000000
1.7173379209478443
238
1
104
1000000
-0.03683009010754956
296
1
146
1000000
1.7173379209478443
13
1
49
1000001
0.5754549272228093
39
1
144
1000001
1.1343012491142814
6
1
110
1000002
1.2451024943107933
357
1
0
0
1
-1
146
connections
0.24999962499999998
bias
0.3999994
disable
0.39999939999999995
node
0.49999924999999995
link
1.9999969999999998
step
0.09999984999999999
enable
0.1999997
done
6
102
146
1.0
172
1
102
1000000
-1.9671989423718452
170
0
146
1000000
-1.9671989423718452
13
0
102
1000001
-1.088393702795853
177
1
24
1000001
1.9194248024675744
191
0
12
1000002
0.7139418977620173
102
1
0
0
1
-1
147
connections
0.27700747922499996
bias
0.44321196675999996
disable
0.39999939999999995
node
0.5540149584499999
link
1.805
step
0.09999985
enable
0.19999969999999997
done
9
65
146
1.0
208
1
12
146
0.7302368712440317
103
1
65
147
1.0
104
1
144
1000000
-0.8635912463801914
11
1
1000001
1000002
-1.3893268042342553
19
1
65
1000002
-1.7143015850665608
306
0
146
1000002
-1.7143015850665608
22
1
138
1000002
0.461094265697946
388
1
147
1000002
-1.7143015850665608
21
1
0
0
1
-1
146
connections
0.27700747922499996
bias
0.44321196675999996
disable
0.39999939999999995
node
0.49999924999999995
link
1.9999969999999998
step
0.095
enable
0.19999969999999997
done
7
73
146
1.0
308
1
144
146
1.515116477273979
7
1
73
1000000
-1.0104909391190424
44
0
146
1000000
-1.0104909391190424
13
1
142
1000001
1.4698822440930623
143
1
105
1000002
-1.8975304524293213
311
1
117
1000002
1.0164534125941542
146
1
0
0
1
-13.5
147
connections
0.24999962499999998
bias
0.361
disable
0.44321196675999996
node
0.49999924999999995
link
1.9999969999999998
step
0.11080299168999999
enable
0.1805
done
8
10
146
1.0
310
0
83
146
0.36036755193146286
30
1
147
146
1.0
7
1
10
147
1.0
106
1
42
1000000
-1.28870682749977
28
1
10
1000000
1.3457574168234951
314
0
146
1000000
1.3457574168234951
13
1
76
1000001
-0.0018493012603513215
105
1
0
0
1
-1
147
connections
0.27700747922499996
bias
0.361
disable
0.361
node
0.49999924999999995
link
1.9999969999999998
step
0.09999985
enable
0.1999997
done
7
34
146
1.0
418
1
34
1000000
1.6087084412687318
243
0
146
1000000
1.6087084412687318
13
1
11
1000000
-1.3555694414050317
72
1
144
1000001
0.6778293379201501
6
0
73
1000002
1.7861261357220237
162
1
42
1000002
1.5493333805616767
42
1
0
0
1
-1
145
connections
0.27700747922499996
bias
0.361
disable
0.361
node
0.49999924999999995
link
1.9999969999999998
step
0.09025
enable
0.22160598337999998
done
4
106
1000001
-1.6691517470041402
317
0
18
1000001
0.3960549437481502
217
1
28
1000001
-1.3032558076676
149
1
35
1000002
0.15525784173030344
249
1
0
0
1
570.5
145
connections
0.24999962499999998
bias
0.3999994
disable
0.3999994
node
0.49999924999999995
link
1.805
step
0.09999985
enable
0.19999969999999997
done
5
7
1000000
1.924537957451788
100
1
100
1000000
0.08112212832525767
291
1
21
1000001
-1.9416294421568212
101
1
144
1000001
1.613440831804049
6
1
133
1000002
-1.7856081595592657
386
1
0
0
1
-1
146
connections
0.24999962499999998
bias
0.3999994
disable
0.3999994
node
0.49999924999999995
link
1.805
step
0.09025
enable
0.1999997
done
8
72
146
1.0
107
1
136
1000000
-1.143138453836186
32
1
108
1000001
0.489267020870078
173
1
144
1000001
-0.5832745005971733
6
1
144
1000002
0.4821074006200834
18
1
19
1000002
-0.6117888508478848
385
1
72
1000002
-1.3352929002148
178
0
146
1000002
-1.3352929002148
22
1
0
0
1
-13.5
147
connections
0.24999962499999998
bias
0.361
disable
0.39999939999999995
node
0.49999924999999995
link
1.9999969999999998
step
0.095
enable
0.1805
done
9
144
146
1.0
7
0
147
146
1.0
7
1
144
147
1.0
23
1
122
1000000
0.46704897803857737
335
1
11
1000000
-1.9733232040026008
72
1
83
1000000
1.0253298446076595
117
1
24
1000002
0.6108966478946676
119
1
144
1000002
0.4172719647363361
18
1
146
1000002
0.4172719647363361
22
1
0
0
1
-1
147
connections
0.24999962499999998
bias
0.39999939999999995
disable
0.3999994
node
0.49999924999999995
link
1.805
step
0.11080299168999999
enable
0.22160598337999998
done
7
52
146
1.0
269
1
105
147
1.0
108
1
52
1000001
0.7898665531833702
312
0
146
1000001
0.7898665531833702
8
1
110
1000001
-0.8324277765771328
322
1
105
1000002
1.8288419621712881
311
0
147
1000002
1.8288419621712881
21
1
0
0
1
-1
146
connections
0.24999962499999998
bias
0.361
disable
0.44321196675999996
node
0.49999924999999995
link
2.2160598337999997
step
0.09025
enable
0.19999969999999997
done
9
144
146
1.0
7
1
54
1000000
1.1042432116589187
174
1
30
1000000
1.7144975460027458
47
0
73
1000000
0.99910085767723
44
1
144
1000000
1.3380388515044763
11
1
108
1000001
0.4937159525293482
173
1
144
1000001
1.6661336215649887
6
0
23
1000001
-0.9083923528231623
203
1
146
1000001
1.6661336215649887
8
1
0
0
1
-1
146
connections
0.24999962499999998
bias
0.44321196675999996
disable
0.39999939999999995
node
0.45125
link
2.2160598337999997
step
0.095
enable
0.1999997
done
7
77
146
1.0
41
1
77
1000001
-1.9689867836695232
293
0
25
1000001
-1.8188145769745705
331
1
146
1000001
-1.9689867836695232
8
1
23
1000002
-0.20811563408431466
355
0
24
1000002
-1.0964394472710923
119
1
144
1000002
-1.4334764854400381
18
1
0
0
1
-1
147
connections
0.24999962499999998
bias
0.3999994
disable
0.39999939999999995
node
0.49999924999999995
link
2.2160598337999997
step
0.11080299168999999
enable
0.22160598337999998
done
11
32
146
1.0
248
0
144
146
0.7760147441587977
7
1
144
147
1.0
23
1
16
1000001
0.9659382778925876
304
1
95
1000001
1.8804081396047798
387
1
50
1000002
-0.8373737142592872
242
1
32
1000002
0.6198062590974232
247
0
144
1000002
-1.8855677309630439
18
0
146
1000002
0.6198062590974232
22
0
114
1000002
-0.6006207195105646
352
1
147
1000002
-1.8855677309630439
21
1
0
0
1
-1
145
connections
0.24999962499999998
bias
0.3999994
disable
0.3999994
node
0.49999924999999995
link
2.2160598337999997
step
0.105263
enable
0.19999969999999997
done
4
58
1000000
-1.3660081453329807
358
1
9
1000001
1.6789616756259882
51
1
109
1000001
-0.45497803049422814
246
1
42
1000002
0.2010325050546551
42
1
0
0
1
-1
145
connections
0.27700747922499996
bias
0.3999994
disable
0.39999939999999995
node
0.49999924999999995
link
1.805
step
0.09999984999999999
enable
0.1999997
done
5
144
1000000
-1.5707269680597609
11
1
69
1000000
0.969510564532547
295
1
41
1000002
-0.1936819703438224
336
1
144
1000002
0.21950534122558185
18
1
49
1000002
0.13711415855138442
74
0
