0
1393.0
299
0
0
1
-13.5
146
connections
0.2375
link
1.9
bias
0.38
node
0.475
enable
0.210526
disable
0.421052
step
0.095
done
5
60
146
1.0
7
1
60
1000000
-1.8601390211890214
4
0
146
1000000
-1.8601390211890214
8
1
131
1000001
-1.4733479089590462
5
0
144
1000001
-0.9755347560368683
6
1
0
0
1
-13.5
145
connections
0.2631575
link
1.9
bias
0.421052
node
0.475
enable
0.210526
disable
0.38
step
0.105263
done
2
134
1000000
-1.4433519804628547
10
0
53
1000002
-1.706447046149146
9
1
0
0
1
-13.5
145
connections
0.2375
link
2.10526
bias
0.38
node
0.526315
enable
0.19
disable
0.38
step
0.105263
done
2
41
1000000
-0.4483398076619416
11
0
36
1000002
1.1270875089970773
12
1
0
0
1
-13.5
146
connections
0.2631575
link
1.9
bias
0.421052
node
0.526315
enable
0.19
disable
0.38
step
0.095
done
4
144
146
1.0
14
1
144
1000001
1.9875940672740011
6
0
146
1000001
1.9875940672740011
15
0
126
1000002
-0.23949982595775143
13
1
0
0
1
-13.5
146
connections
0.2631575
link
2.10526
bias
0.38
node
0.526315
enable
0.19
disable
0.421052
step
0.095
done
5
144
146
1.0
14
1
140
1000001
-1.8769308618189706
17
1
144
1000001
-0.49305319865176855
6
0
146
1000001
-0.49305319865176855
15
1
80
1000002
1.2730088310440273
16
1
0
0
2
-13.5
146
connections
0.2631575
link
1.9
bias
0.38
node
0.526315
enable
0.19
disable
0.421052
step
0.105263
done
3
30
146
1.0
19
1
30
1000001
0.8036818462867341
18
0
146
1000001
0.8036818462867341
15
1
-13.5
146
connections
0.2375
link
1.9
bias
0.421052
node
0.475
enable
0.19
disable
0.38
step
0.105263
done
4
30
146
1.0
19
1
30
1000001
1.4888310348782272
18
1
25
1000001
-0.693955844258094
136
1
146
1000001
1.4888310348782272
15
1
0
0
1
-13.5
145
connections
0.2375
link
1.9
bias
0.38
node
0.475
enable
0.210526
disable
0.421052
step
0.095
done
2
85
1000000
0.24930044259979933
21
1
144
1000002
0.9214152531565434
20
1
0
0
1
-13.5
146
connections
0.2375
link
1.9
bias
0.38
node
0.475
enable
0.19
disable
0.38
step
0.105263
done
4
110
146
1.0
24
1
57
1000001
-1.2729313071840207
22
1
110
1000001
1.3672760786862335
23
0
146
1000001
1.3672760786862335
15
1
0
0
1
-13.5
146
connections
0.2631575
link
1.9
bias
0.38
node
0.475
enable
0.210526
disable
0.38
step
0.095
done
4
12
146
1.0
27
1
12
1000000
1.1083460467357193
25
1
138
1000000
0.2230784332760063
26
0
146
1000000
1.1083460467357193
8
1
0
0
1
-184.5
145
connections
0.2631575
link
1.9
bias
0.421052
node
0.526315
enable
0.210526
disable
0.38
step
0.095
done
3
78
1000001
1.4920928106259463
29
1
10
1000002
1.3374305071342936
28
0
144
1000002
-1.178876793621265
20
1
0
0
1
-13.5
145
connections
0.2631575
link
2.10526
bias
0.421052
node
0.475
enable
0.19
disable
0.421052
step
0.095
done
3
98
1000002
-1.5509478583924254
30
1
139
1000002
-1.0737984397488947
31
1
144
1000002
-1.7287759639658922
20
1
0
0
1
-13.5
146
connections
0.2631575
link
2.10526
bias
0.38
node
0.526315
enable
0.210526
disable
0.38
step
0.105263
done
4
12
146
1.0
27
1
126
1000001
1.7523605787057281
33
0
12
1000002
0.9354316096267206
32
0
146
1000002
0.9354316096267206
34
1
0
0
1
-184.5
145
connections
0.2631575
link
2.10526
bias
0.421052
node
0.475
enable
0.210526
disable
0.421052
step
0.105263
done
2
47
1000000
1.1529468485089387
35
1
144
1000001
0.2604350697022628
6
1
0
0
1
-13.5
145
connections
0.2375
link
1.9
bias
0.38
node
0.475
enable
0.19
disable
0.421052
step
0.095
done
2
99
1000001
1.8828274692551488
36
1
89
1000002
-0.29155983288701304
37
1
0
0
1
-13.5
145
connections
0.2631575
link
2.10526
bias
0.38
node
0.526315
enable
0.210526
disable
0.38
step
0.105263
done
2
116
1000001
-1.7368345308076991
38
0
103
1000002
-0.43691540159580855
39
1
0
0
1
-13.5
146
connections
0.2631575
link
2.10526
bias
0.38
node
0.475
enable
0.210526
disable
0.38
step
0.095
done
4
76
146
1.0
41
1
76
1000002
-0.18382700795659668
40
0
80
1000002
-0.34783032502991373
16
1
146
1000002
-0.18382700795659668
34
1
0
0
1
-13.5
145
connections
0.2375
link
1.9
bias
0.38
node
0.475
enable
0.210526
disable
0.38
step
0.105263
done
2
94
1000000
-1.1271647518623444
42
1
20
1000000
0.7810559090905569
43
1
0
0
1
-13.5
145
connections
0.2375
link
2.10526
bias
0.38
node
0.526315
enable
0.19
disable
0.38
step
0.095
done
3
99
1000000
1.3359331299021058
45
1
32
1000001
-1.0759943089407944
44
1
144
1000002
-0.5704373157235096
20
1
0
0
1
-13.5
145
connections
0.2631575
link
1.9
bias
0.421052
node
0.526315
enable
0.19
disable
0.38
step
0.105263
done
2
85
1000002
-1.1902291495072777
46
0
107
1000002
-0.5405804836121408
47
1
0
0
1
-13.5
146
connections
0.2631575
link
1.9
bias
0.38
node
0.526315
enable
0.210526
disable
0.421052
step
0.105263
done
5
144
146
1.0
14
0
16
1000000
-0.9562156032540532
49
1
91
1000001
1.3576253447992155
48
1
144
1000001
-0.6982387578592153
6
0
146
1000001
-0.6982387578592153
15
1
0
0
1
-13.5
145
connections
0.2375
link
1.9
bias
0.421052
node
0.475
enable
0.19
disable
0.421052
step
0.105263
done
2
97
1000001
-1.9347132442800916
50
1
48
1000002
0.3404230922583844
51
1
0
0
1
-13.5
145
connections
0.2375
link
1.9
bias
0.38
node
0.475
enable
0.19
disable
0.38
step
0.095
done
3
44
1000000
1.5947238608072736
53
0
12
1000001
-1.6241083967806378
52
1
144
1000002
1.7291081536576494
20
1
0
0
1
-134.5
146
connections
0.2375
link
2.10526
bias
0.421052
node
0.475
enable
0.210526
disable
0.421052
step
0.105263
done
5
144
146
1.0
14
1
144
1000001
1.7449465683233405
6
0
146
1000001
1.7449465683233405
15
1
22
1000002
1.7851522795872565
54
1
6
1000002
1.223111820240811
55
1
0
0
1
-13.5
146
connections
0.2631575
link
1.9
bias
0.38
node
0.475
enable
0.210526
disable
0.38
step
0.095
done
5
144
146
1.0
14
1
129
1000001
0.5923775155708064
57
1
144
1000001
-0.4965433430360111
6
1
146
1000001
-0.4965433430360111
15
1
66
1000002
-0.4893927676917218
56
1
0
0
1
-13.5
146
connections
0.2375
link
2.10526
bias
0.421052
node
0.475
enable
0.19
disable
0.421052
step
0.095
done
4
136
146
1.0
59
1
136
1000000
-0.09365405235734992
58
0
146
1000000
-0.09365405235734992
8
1
53
1000002
1.6883610728463694
9
1
0
0
1
477.0
145
connections
0.2631575
link
2.10526
bias
0.421052
node
0.475
enable
0.19
disable
0.38
step
0.095
done
3
144
1000000
1.0446027024444846
62
1
71
1000001
0.6733487567773606
60
1
133
1000002
1.9087829827152372
61
1
0
0
1
696.0
145
connections
0.2631575
link
2.10526
bias
0.421052
node
0.526315
enable
0.210526
disable
0.38
step
0.105263
done
2
83
1000000
1.427010910956318
63
1
85
1000002
-0.06429823010719948
46
1
0
0
1
-13.5
146
connections
0.2375
link
2.10526
bias
0.38
node
0.526315
enable
0.19
disable
0.38
step
0.105263
done
5
144
146
1.0
14
1
34
1000000
-0.313256096243379
64
1
144
1000000
-0.6842510065503307
62
1
146
1000000
-0.6842510065503307
8
1
136
1000002
-1.4306281004452424
65
0
0
0
1
-13.5
145
connections
0.2631575
link
1.9
bias
0.421052
node
0.475
enable
0.19
disable
0.38
step
0.095
done
2
1000001
1000000
-1.1917464188547977
67
1
108
1000002
1.3157030285680813
66
1
0
0
1
-13.5
146
connections
0.2375
link
2.10526
bias
0.38
node
0.475
enable
0.19
disable
0.38
step
0.105263
done
4
72
146
1.0
70
1
105
1000002
-0.6513723451145506
68
1
72
1000002
-0.44305509216713235
69
0
146
1000002
-0.44305509216713235
34
1
0
0
1
-13.5
145
connections
0.2375
link
2.10526
bias
0.38
node
0.475
enable
0.210526
disable
0.421052
step
0.095
done
3
86
1000001
0.00438105279595602
71
1
9
1000001
0.8983319726875356
72
1
144
1000001
-1.0820160833179164
6
0
0
0
1
-13.5
146
connections
0.2375
link
2.10526
bias
0.421052
node
0.475
enable
0.19
disable
0.421052
step
0.095
done
4
96
146
1.0
74
1
138
1000000
1.0309861851693576
26
1
96
1000001
0.9820807958332871
73
1
146
1000001
0.9820807958332871
15
1
0
0
1
696.0
145
connections
0.2375
link
1.9
bias
0.38
node
0.526315
enable
0.19
disable
0.421052
step
0.095
done
2
144
1000000
1.360313355841638
62
1
38
1000001
-0.4533786554706709
75
0
0
0
1
1393.0
146
connections
0.2631575
link
2.10526
bias
0.38
node
0.475
enable
0.19
disable
0.38
step
0.105263
done
6
141
146
1.0
79
1
141
1000000
0.018864524293040308
76
0
58
1000000
-1.3652780346648163
77
1
113
1000000
0.03307957713188037
78
1
146
1000000
0.018864524293040308
8
1
144
1000002
1.6207867602295396
20
1
0
0
1
-13.5
145
connections
0.2375
link
2.10526
bias
0.38
node
0.526315
enable
0.19
disable
0.38
step
0.105263
done
2
119
1000000
-1.6052593196913905
80
1
65
1000001
1.3429997092349253
81
1
0
0
1
-13.5
146
connections
0.2631575
link
1.9
bias
0.421052
node
0.475
enable
0.19
disable
0.38
step
0.095
done
5
27
146
1.0
84
1
27
1000000
-0.5432146940835434
82
0
144
1000000
-0.3986560327445563
62
1
146
1000000
-0.5432146940835434
8
1
9
1000002
1.3207770866256525
83
0
0
0
1
-184.5
146
connections
0.2631575
link
2.10526
bias
0.38
node
0.526315
enable
0.210526
disable
0.421052
step
0.095
done
5
101
146
1.0
87
1
79
1000001
1.6095519963269584
85
1
101
1000001
-0.9510118589949568
86
0
144
1000001
-0.4781722801477639
6
1
146
1000001
-0.9510118589949568
15
1
0
0
1
-13.5
146
connections
0.2631575
link
2.10526
bias
0.421052
node
0.526315
enable
0.210526
disable
0.421052
step
0.105263
done
5
96
146
1.0
74
1
96
1000000
0.046543459125821585
88
0
146
1000000
0.046543459125821585
8
1
129
1000001
-1.0818771080733156
57
1
144
1000002
-1.057486148674375
20
1
0
0
1
-13.5
146
connections
0.2375
link
1.9
bias
0.38
node
0.526315
enable
0.19
disable
0.421052
step
0.105263
done
4
33
146
1.0
91
1
10
1000000
-0.06008661831200346
90
1
33
1000001
1.9399529331262344
89
0
146
1000001
1.9399529331262344
15
1
0
0
1
-13.5
145
connections
0.2375
link
1.9
bias
0.421052
node
0.475
enable
0.19
disable
0.38
step
0.095
done
2
105
1000000
-1.1077710931131945
92
0
123
1000000
0.4117387900593812
93
1
0
0
1
-13.5
145
connections
0.2631575
link
1.9
bias
0.421052
node
0.475
enable
0.210526
disable
0.38
step
0.095
done
2
58
1000000
-0.3080533313818683
77
1
13
1000002
-1.1245312855935334
94
1
0
0
1
-13.5
146
connections
0.2375
link
2.10526
bias
0.421052
node
0.475
enable
0.210526
disable
0.421052
step
0.095
done
4
23
146
1.0
97
1
58
1000001
-0.4609942172902777
95
0
23
1000002
-0.16883828588076932
96
0
146
1000002
-0.16883828588076932
34
1
0
0
1
-13.5
145
connections
0.2375
link
2.10526
bias
0.421052
node
0.526315
enable
0.19
disable
0.38
step
0.105263
done
2
122
1000001
1.9528495420154708
98
1
126
1000002
1.8300429753115943
13
1
0
0
1
-13.5
145
connections
0.2375
link
2.10526
bias
0.421052
node
0.526315
enable
0.19
disable
0.421052
step
0.095
done
3
30
1000001
-0.9042483536894923
18
0
134
1000001
-1.4317465548676491
99
1
144
1000002
0.2683770425501364
20
1
0
0
1
-13.5
145
connections
0.2375
link
1.9
bias
0.421052
node
0.526315
enable
0.19
disable
0.421052
step
0.095
done
2
122
1000000
-0.3404390774662409
100
1
110
1000002
-1.5619948312919565
101
1
0
0
1
-13.5
146
connections
0.2375
link
1.9
bias
0.38
node
0.475
enable
0.19
disable
0.421052
step
0.105263
done
4
137
146
1.0
104
1
6
1000000
-1.5033669961879612
102
1
137
1000000
1.8801838712331134
103
0
146
1000000
1.8801838712331134
8
1
0
0
1
-13.5
145
connections
0.2375
link
2.10526
bias
0.421052
node
0.475
enable
0.210526
disable
0.38
step
0.095
done
3
49
1000000
-1.797054131934194
106
1
54
1000001
-0.9816437517351919
105
1
144
1000001
-0.6133499057388927
6
1
0
0
1
-13.5
145
connections
0.2631575
link
2.10526
bias
0.38
node
0.475
enable
0.210526
disable
0.421052
step
0.105263
done
2
132
1000000
0.5849990658773496
108
1
129
1000002
-1.0509688420927148
107
1
0
0
1
696.0
145
connections
0.2631575
link
1.9
bias
0.38
node
0.475
enable
0.210526
disable
0.38
step
0.095
done
3
119
1000000
0.6842696327185993
80
1
144
1000000
1.4477936169814716
62
1
36
1000002
-1.3122229477639
12
1
0
0
1
-184.5
146
connections
0.2375
link
2.10526
bias
0.38
node
0.526315
enable
0.19
disable
0.38
step
0.095
done
5
1000000
146
1.0
110
0
1000000
1000001
-0.2558161261478773
109
0
144
1000001
1.1394087839286233
6
1
146
1000001
-0.2558161261478773
15
1
98
1000002
-1.8042622074576773
30
1
0
0
1
-13.5
146
connections
0.2631575
link
2.10526
bias
0.421052
node
0.475
enable
0.19
disable
0.38
step
0.105263
done
5
98
146
1.0
113
1
98
1000000
1.1428672841440375
112
0
146
1000000
1.1428672841440375
8
1
144
1000001
-0.21039723547896472
6
1
71
1000002
-1.6232885252522973
111
1
0
0
1
-13.5
146
connections
0.2631575
link
1.9
bias
0.38
node
0.526315
enable
0.210526
disable
0.421052
step
0.095
done
4
134
146
1.0
114
1
134
1000000
-0.26193399530698036
10
0
146
1000000
-0.26193399530698036
8
0
133
1000002
-1.1127074073484087
61
1
0
0
1
-13.5
145
connections
0.2375
link
2.10526
bias
0.38
node
0.526315
enable
0.210526
disable
0.38
step
0.105263
done
3
14
1000000
0.13070990365362922
116
1
5
1000001
0.5434156709689493
115
1
144
1000002
1.412090300507339
20
1
0
0
1
696.0
145
connections
0.2375
link
2.10526
bias
0.421052
node
0.526315
enable
0.210526
disable
0.421052
step
0.105263
done
3
57
1000000
-0.2810089863903422
117
1
119
1000000
0.7953699212890504
80
1
144
1000000
1.4371423189526848
62
1
0
0
1
-13.5
145
connections
0.2375
link
2.10526
bias
0.421052
node
0.526315
enable
0.210526
disable
0.38
step
0.095
done
2
70
1000001
-1.6105743630931237
118
1
120
1000002
-0.42072642135993954
119
1
0
0
1
-13.0
145
connections
0.2375
link
1.9
bias
0.38
node
0.526315
enable
0.19
disable
0.421052
step
0.105263
done
3
93
1000000
0.19547560133930464
120
1
38
1000001
1.829624478906259
75
0
144
1000002
1.01128514853511
20
1
0
0
1
-13.5
146
connections
0.2631575
link
2.10526
bias
0.421052
node
0.526315
enable
0.19
disable
0.421052
step
0.105263
done
4
27
146
1.0
84
1
27
1000002
-0.9048801183103556
121
1
113
1000002
1.005296710160359
122
1
146
1000002
-0.9048801183103556
34
1
0
0
1
-13.5
146
connections
0.2631575
link
1.9
bias
0.421052
node
0.526315
enable
0.210526
disable
0.421052
step
0.105263
done
4
80
146
1.0
125
0
80
1000000
0.2319390488320323
123
0
146
1000000
0.2319390488320323
8
1
50
1000001
-0.07160384641060213
124
1
0
0
1
-184.5
146
connections
0.2631575
link
1.9
bias
0.38
node
0.526315
enable
0.19
disable
0.38
step
0.095
done
4
41
146
1.0
127
1
144
1000001
1.6259298549332706
6
1
41
1000002
0.7528698720293723
126
0
146
1000002
0.7528698720293723
34
1
0
0
1
-13.5
146
connections
0.2631575
link
1.9
bias
0.38
node
0.526315
enable
0.19
disable
0.421052
step
0.095
done
5
79
146
1.0
130
0
79
1000000
1.653389283358377
129
0
146
1000000
1.653389283358377
8
1
8
1000001
0.4293484711250466
128
1
144
1000001
-0.40764996221281
6
1
0
0
1
-13.5
146
connections
0.2375
link
1.9
bias
0.421052
node
0.475
enable
0.210526
disable
0.38
step
0.105263
done
5
88
146
1.0
133
1
125
1000000
0.5339337857609405
132
1
144
1000000
-1.5624362232216868
62
1
88
1000002
1.230522217126635
131
0
146
1000002
1.230522217126635
34
1
0
0
1
-13.5
145
connections
0.2631575
link
1.9
bias
0.421052
node
0.475
enable
0.210526
disable
0.38
step
0.105263
done
3
2
1000000
-0.11056815266561015
134
1
80
1000002
-0.7584006947412734
16
0
144
1000002
-1.2309559464879931
20
1
0
0
1
-13.5
146
connections
0.2375
link
2.10526
bias
0.38
node
0.475
enable
0.210526
disable
0.38
step
0.105263
done
4
25
146
1.0
137
0
25
1000001
1.9133595863237036
136
0
146
1000001
1.9133595863237036
15
1
21
1000002
1.3220878715572608
135
1
0
0
1
696.0
146
connections
0.2375
link
2.10526
bias
0.38
node
0.475
enable
0.19
disable
0.38
step
0.095
done
5
86
146
1.0
139
1
86
1000000
-1.4716347682118984
138
0
144
1000000
0.6623680536124019
62
1
146
1000000
-1.4716347682118984
8
1
126
1000002
0.3978522162946536
13
1
0
0
1
-13.5
146
connections
0.2375
link
1.9
bias
0.421052
node
0.475
enable
0.19
disable
0.421052
step
0.105263
done
4
132
146
1.0
142
1
132
1000001
-0.2502733342269994
141
1
146
1000001
-0.2502733342269994
15
1
137
1000002
1.1132652466401916
140
1
0
0
1
-13.5
145
connections
0.2375
link
1.9
bias
0.421052
node
0.475
enable
0.19
disable
0.38
step
0.095
done
2
36
1000001
-1.9988120000779035
143
0
23
1000002
-0.5867202974613708
96
1
0
0
1
-13.5
146
connections
0.2375
link
1.9
bias
0.38
node
0.475
enable
0.210526
disable
0.38
step
0.105263
done
4
11
146
1.0
146
1
126
1000000
0.6790812511626481
144
1
11
1000000
0.9704302413638359
145
0
146
1000000
0.9704302413638359
8
1
0
0
1
-13.5
146
connections
0.2631575
link
2.10526
bias
0.38
node
0.475
enable
0.19
disable
0.38
step
0.095
done
4
46
146
1.0
148
1
54
1000001
-1.3331492036866899
105
1
46
1000001
-1.9711157335534866
147
1
146
1000001
-1.9711157335534866
15
1
0
0
1
-13.5
145
connections
0.2631575
link
2.10526
bias
0.38
node
0.526315
enable
0.19
disable
0.421052
step
0.105263
done
2
124
1000001
1.5148469138185514
149
1
130
1000002
1.765616235751299
150
1
0
0
1
-13.5
146
connections
0.2375
link
2.10526
bias
0.38
node
0.526315
enable
0.19
disable
0.38
step
0.105263
done
5
144
146
1.0
14
1
19
1000000
1.7630831269698652
151
1
12
1000001
-1.7473100965709936
52
1
144
1000002
-1.1322035576471885
20
0
146
1000002
-1.1322035576471885
34
1
0
0
1
-13.5
146
connections
0.2375
link
2.10526
bias
0.38
node
0.475
enable
0.19
disable
0.38
step
0.095
done
4
18
146
1.0
154
1
14
1000002
1.3695727883084952
152
1
18
1000002
-1.6698136755091002
153
0
146
1000002
-1.6698136755091002
34
1
0
0
1
-13.5
145
connections
0.2631575
link
1.9
bias
0.421052
node
0.475
enable
0.19
disable
0.421052
step
0.105263
done
1
129
1000000
1.1850957042490928
155
0
0
0
1
-13.5
145
connections
0.2631575
link
2.10526
bias
0.38
node
0.526315
enable
0.210526
disable
0.38
step
0.105263
done
2
75
1000001
-1.395494798397709
157
1
56
1000002
-1.9594767744126251
156
1
0
0
1
-13.5
146
connections
0.2631575
link
1.9
bias
0.421052
node
0.526315
enable
0.19
disable
0.421052
step
0.095
done
4
122
146
1.0
159
1
122
1000000
-0.025151640540981735
100
0
0
1000000
1.5253660471569845
158
1
146
1000000
-0.025151640540981735
8
1
0
0
1
-184.5
145
connections
0.2375
link
2.10526
bias
0.38
node
0.475
enable
0.19
disable
0.38
step
0.095
done
3
43
1000001
-0.6025479813466807
160
1
116
1000001
0.987646619579901
38
1
144
1000001
0.3133552243484239
6
1
0
0
1
-13.5
146
connections
0.2631575
link
1.9
bias
0.38
node
0.526315
enable
0.19
disable
0.421052
step
0.095
done
4
59
146
1.0
163
1
59
1000000
-0.34718563386777745
162
1
146
1000000
-0.34718563386777745
8
0
55
1000002
-1.5833842580761508
161
1
0
0
1
-13.5
146
connections
0.2631575
link
1.9
bias
0.421052
node
0.526315
enable
0.19
disable
0.421052
step
0.105263
done
4
133
146
1.0
165
1
133
1000001
-1.3528887027224377
164
0
146
1000001
-1.3528887027224377
15
1
22
1000002
0.45132946460883083
54
1
0
0
1
-13.5
146
connections
0.2375
link
2.10526
bias
0.38
node
0.475
enable
0.210526
disable
0.38
step
0.095
done
4
75
146
1.0
166
1
144
1000000
-1.3271917988795394
62
1
75
1000001
-1.708046212638409
157
0
146
1000001
-1.708046212638409
15
1
0
0
1
-13.5
145
connections
0.2375
link
2.10526
bias
0.421052
node
0.526315
enable
0.210526
disable
0.38
step
0.095
done
3
11
1000000
-1.098161420294236
145
1
144
1000000
-0.1419686924744199
62
0
53
1000001
-0.9512877299476434
167
1
0
0
1
-13.5
146
connections
0.2375
link
1.9
bias
0.38
node
0.526315
enable
0.210526
disable
0.38
step
0.105263
done
4
36
146
1.0
169
1
36
1000001
-0.9219259351915681
143
0
114
1000001
1.8574296547383091
168
1
146
1000001
-0.9219259351915681
15
1
0
0
1
-13.5
146
connections
0.2375
link
1.9
bias
0.421052
node
0.475
enable
0.210526
disable
0.38
step
0.105263
done
4
33
146
1.0
91
1
33
1000000
-1.6501819372913906
170
0
146
1000000
-1.6501819372913906
8
0
7
1000002
-1.7310242106242475
171
1
0
0
1
-13.5
146
connections
0.2631575
link
1.9
bias
0.38
node
0.475
enable
0.210526
disable
0.38
step
0.105263
done
4
1000001
146
1.0
174
1
29
1000001
0.7778547506659947
173
1
1000001
1000002
1.8709289602601338
172
0
146
1000002
1.8709289602601338
34
1
0
0
1
-13.5
146
connections
0.2375
link
2.10526
bias
0.38
node
0.526315
enable
0.19
disable
0.38
step
0.095
done
4
97
146
1.0
176
0
132
1000001
1.6576021265170358
141
1
97
1000002
-0.14462907019401827
175
0
146
1000002
-0.14462907019401827
34
1
0
0
1
-13.5
145
connections
0.2631575
link
1.9
bias
0.421052
node
0.526315
enable
0.210526
disable
0.38
step
0.095
done
3
144
1000000
-1.133124215267575
62
1
51
1000001
1.6750388689585751
178
0
92
1000002
0.2898511153943484
177
1
0
0
1
-13.5
146
connections
0.2631575
link
2.10526
bias
0.421052
node
0.526315
enable
0.210526
disable
0.38
step
0.105263
done
4
108
146
1.0
180
1
136
1000000
-1.0039349883986022
58
1
108
1000001
0.9273975034119664
179
0
146
1000001
0.9273975034119664
15
1
0
0
1
-13.5
145
connections
0.2375
link
1.9
bias
0.38
node
0.526315
enable
0.210526
disable
0.38
step
0.095
done
3
65
1000000
-0.33590823567249384
181
1
72
1000002
1.9050397756943536
69
0
144
1000002
-1.617334437403533
20
1
0
0
1
-13.5
145
connections
0.2375
link
2.10526
bias
0.421052
node
0.526315
enable
0.19
disable
0.38
step
0.105263
done
2
2
1000001
-0.5975874220116064
182
1
93
1000002
-0.41811996709329113
183
1
0
0
1
-13.5
146
connections
0.2375
link
2.10526
bias
0.421052
node
0.526315
enable
0.210526
disable
0.421052
step
0.105263
done
4
108
146
1.0
180
0
108
1000001
1.3007221216463258
179
0
146
1000001
1.3007221216463258
15
1
144
1000002
-1.0153004839120037
20
1
0
0
1
-13.5
145
connections
0.2375
link
1.9
bias
0.38
node
0.475
enable
0.210526
disable
0.421052
step
0.095
done
3
90
1000001
-1.8999489116038384
184
0
1000002
1000002
1.9778054538957224
185
1
144
1000002
1.9525080233709198
20
1
0
0
1
-13.5
146
connections
0.2631575
link
1.9
bias
0.421052
node
0.475
enable
0.210526
disable
0.38
step
0.105263
done
5
123
146
1.0
188
1
123
1000001
1.6248695533595545
187
0
144
1000001
-1.7291240565242427
6
1
146
1000001
1.6248695533595545
15
1
31
1000002
-0.15220147631838588
186
1
0
0
1
-13.5
146
connections
0.2375
link
1.9
bias
0.38
node
0.475
enable
0.19
disable
0.38
step
0.105263
done
5
144
146
1.0
14
1
5
1000001
-1.7844623432512794
115
1
100
1000002
0.4491626227329002
189
1
144
1000002
-0.8501118581227258
20
0
146
1000002
-0.8501118581227258
34
1
0
0
1
-13.5
145
connections
0.2375
link
1.9
bias
0.421052
node
0.475
enable
0.19
disable
0.38
step
0.105263
done
2
1
1000002
0.29831166302823764
190
1
102
1000002
1.6440302205471409
191
1
0
0
1
-13.5
146
connections
0.2631575
link
2.10526
bias
0.421052
node
0.475
enable
0.19
disable
0.38
step
0.095
done
4
31
146
1.0
193
1
111
1000001
1.8067835877570921
192
0
31
1000002
-1.690978918759301
186
0
146
1000002
-1.690978918759301
34
1
0
0
1
-13.5
146
connections
0.2375
link
2.10526
bias
0.38
node
0.475
enable
0.210526
disable
0.421052
step
0.095
done
5
129
146
1.0
196
1
129
1000001
-1.3607712900332096
57
0
68
1000001
-0.9580217049029724
194
1
83
1000001
0.7892445460428141
195
0
146
1000001
-1.3607712900332096
15
1
0
0
1
-28.5
145
connections
0.2375
link
1.9
bias
0.38
node
0.526315
enable
0.210526
disable
0.421052
step
0.095
done
3
75
1000001
0.9678733057532019
157
1
39
1000001
1.8354706876858686
197
1
144
1000002
1.4975392584277971
20
1
0
0
1
696.0
146
connections
0.2631575
link
2.10526
bias
0.38
node
0.526315
enable
0.210526
disable
0.421052
step
0.095
done
5
48
146
1.0
198
1
144
1000000
0.5044099281974197
62
1
36
1000001
1.362006980140194
143
1
48
1000002
1.1549396334157156
51
0
146
1000002
1.1549396334157156
34
1
0
0
1
-13.5
145
connections
0.2375
link
2.10526
bias
0.38
node
0.526315
enable
0.210526
disable
0.38
step
0.105263
done
3
1000000
1000001
1.7524786788450548
109
1
144
1000001
-1.674086999060989
6
1
9
1000002
-1.6106391460193188
83
1
0
0
1
-13.5
145
connections
0.2631575
link
1.9
bias
0.421052
node
0.475
enable
0.210526
disable
0.421052
step
0.095
done
2
99
1000000
-0.3729572830465129
45
1
141
1000000
1.8619002235066815
76
1
0
0
1
-13.5
145
connections
0.2375
link
1.9
bias
0.421052
node
0.475
enable
0.210526
disable
0.421052
step
0.105263
done
2
125
1000001
0.16352474121177396
199
1
7
1000002
-0.4130063152690453
171
1
0
0
1
-13.5
146
connections
0.2375
link
2.10526
bias
0.38
node
0.526315
enable
0.19
disable
0.38
step
0.105263
done
5
47
146
1.0
200
1
47
1000000
-1.4359102107088302
35
0
146
1000000
-1.4359102107088302
8
0
2
1000001
1.331931481532663
182
1
144
1000001
-1.4634814614606029
6
1
0
0
1
-13.5
146
connections
0.2631575
link
2.10526
bias
0.421052
node
0.475
enable
0.210526
disable
0.38
step
0.095
done
4
52
146
1.0
203
1
90
1000000
1.5782735965423842
201
1
52
1000001
0.5751290034954182
202
0
146
1000001
0.5751290034954182
15
1
0
0
1
-13.5
145
connections
0.2375
link
2.10526
bias
0.421052
node
0.475
enable
0.210526
disable
0.38
step
0.095
done
2
129
1000000
0.5050908787766275
155
1
74
1000001
0.0499568004917319
204
1
0
0
1
-13.5
145
connections
0.2375
link
1.9
bias
0.421052
node
0.526315
enable
0.210526
disable
0.38
step
0.095
done
2
141
1000000
-0.6507395771078901
76
1
134
1000001
-0.5754866516262789
99
1
0
0
1
-13.5
145
connections
0.2375
link
1.9
bias
0.38
node
0.475
enable
0.210526
disable
0.38
step
0.095
done
2
1000002
1000001
-0.5812785292927534
205
1
11
1000002
-0.2920593835118437
206
0
0
0
1
-13.5
145
connections
0.2375
link
2.10526
bias
0.38
node
0.475
enable
0.19
disable
0.421052
step
0.105263
done
2
66
1000000
0.8639278868258615
208
1
61
1000001
0.23850474254534815
207
1
0
0
1
-13.5
146
connections
0.2631575
link
1.9
bias
0.38
node
0.475
enable
0.19
disable
0.421052
step
0.095
done
4
51
146
1.0
211
1
51
1000000
-1.844538151269762
209
0
97
1000000
-0.49892660903420083
210
0
146
1000000
-1.844538151269762
8
1
0
0
1
-13.5
146
connections
0.2375
link
2.10526
bias
0.421052
node
0.475
enable
0.19
disable
0.38
step
0.095
done
4
121
146
1.0
214
1
121
1000002
0.8940505867428281
212
0
123
1000002
1.1365464068415818
213
1
146
1000002
0.8940505867428281
34
0
0
0
1
-13.5
146
connections
0.2375
link
1.9
bias
0.38
node
0.475
enable
0.19
disable
0.421052
step
0.105263
done
4
43
146
1.0
216
1
76
1000001
-0.7627922826076423
215
1
43
1000001
0.6531485074990706
160
0
146
1000001
0.6531485074990706
15
1
0
0
1
-13.5
145
connections
0.2631575
link
2.10526
bias
0.38
node
0.526315
enable
0.19
disable
0.38
step
0.095
done
3
10
1000000
1.9226349344452478
90
0
144
1000000
-1.2370633828456858
62
1
107
1000001
1.9937656707687266
217
1
0
0
1
-13.5
145
connections
0.2631575
link
2.10526
bias
0.421052
node
0.526315
enable
0.210526
disable
0.38
step
0.105263
done
2
105
1000000
-1.4107032672246844
92
1
140
1000002
-0.5602784172877309
218
1
0
0
1
-13.5
145
connections
0.2631575
link
2.10526
bias
0.421052
node
0.475
enable
0.210526
disable
0.421052
step
0.095
done
2
27
1000001
1.9574313233063312
219
1
30
1000001
1.940105974699093
18
1
0
0
1
-13.5
145
connections
0.2631575
link
2.10526
bias
0.38
node
0.475
enable
0.210526
disable
0.38
step
0.105263
done
2
91
1000000
-1.0003716161101996
220
1
136
1000002
0.0782495034450883
65
1
0
0
1
-13.5
146
connections
0.2375
link
2.10526
bias
0.38
node
0.526315
enable
0.19
disable
0.38
step
0.095
done
5
98
146
1.0
113
1
35
1000000
1.5433693873597192
221
1
98
1000000
1.4894853124485392
112
0
146
1000000
1.4894853124485392
8
1
2
1000002
-1.6334869732020723
222
1
0
0
1
-13.5
146
connections
0.2375
link
2.10526
bias
0.38
node
0.526315
enable
0.19
disable
0.38
step
0.095
done
4
27
146
1.0
84
1
97
1000000
1.7814619161720793
210
1
27
1000002
-1.9855908583184911
121
0
146
1000002
-1.9855908583184911
34
1
0
0
1
-13.5
145
connections
0.2631575
link
2.10526
bias
0.38
node
0.526315
enable
0.210526
disable
0.38
step
0.105263
done
2
121
1000000
0.8340745629302915
223
1
13
1000002
-0.07372083652361194
94
1
0
0
1
-13.5
146
connections
0.2631575
link
2.10526
bias
0.421052
node
0.526315
enable
0.19
disable
0.421052
step
0.105263
done
4
22
146
1.0
225
1
22
1000001
-0.8761189038258261
224
0
1000000
1000001
1.2020210676199379
109
1
146
1000001
-0.8761189038258261
15
1
0
0
1
-13.5
145
connections
0.2631575
link
1.9
bias
0.38
node
0.475
enable
0.19
disable
0.38
step
0.095
done
3
106
1000001
0.30387233692623994
227
0
144
1000001
-1.0750231104390502
6
1
114
1000002
-0.46529343553916913
226
1
0
0
1
-13.5
145
connections
0.2631575
link
2.10526
bias
0.421052
node
0.475
enable
0.19
disable
0.421052
step
0.095
done
2
134
1000001
0.42291485752719016
99
0
74
1000001
0.12088838443029726
204
1
0
0
1
-13.5
146
connections
0.2631575
link
1.9
bias
0.38
node
0.475
enable
0.19
disable
0.38
step
0.095
done
4
84
146
1.0
229
0
113
1000000
1.2929631760347875
78
1
84
1000002
1.6271150446174905
228
0
146
1000002
1.6271150446174905
34
1
0
0
1
-13.5
146
connections
0.2631575
link
2.10526
bias
0.38
node
0.526315
enable
0.210526
disable
0.38
step
0.095
done
5
84
146
1.0
229
1
35
1000000
1.8669649779287618
221
1
46
1000000
0.14799712424465694
230
1
84
1000002
-1.0051595982346995
228
0
146
1000002
-1.0051595982346995
34
1
0
0
1
-13.5
146
connections
0.2375
link
1.9
bias
0.421052
node
0.475
enable
0.19
disable
0.38
step
0.105263
done
5
114
146
1.0
232
1
114
1000002
0.4067221028014867
226
0
106
1000002
1.9850174976450545
231
1
144
1000002
-0.018333229098496773
20
0
146
1000002
0.4067221028014867
34
1
0
0
1
-13.5
145
connections
0.2375
link
1.9
bias
0.38
node
0.526315
enable
0.19
disable
0.38
step
0.105263
done
3
140
1000000
-0.7158450107165146
233
1
1000001
1000001
1.93505083383863
234
1
144
1000002
-0.58273682411386
20
1
0
0
1
-13.5
145
connections
0.2375
link
2.10526
bias
0.421052
node
0.526315
enable
0.210526
disable
0.421052
step
0.095
done
2
35
1000002
0.6354903855049323
235
1
134
1000002
0.9024508570317762
236
1
0
0
1
-184.5
146
connections
0.2375
link
2.10526
bias
0.38
node
0.475
enable
0.19
disable
0.421052
step
0.095
done
4
6
146
1.0
239
1
77
1000001
0.97974426226485
237
1
6
1000001
-1.1603402076912
238
0
146
1000001
-1.1603402076912
15
1
0
0
1
-13.5
146
connections
0.2375
link
1.9
bias
0.421052
node
0.475
enable
0.19
disable
0.421052
step
0.095
done
4
41
146
1.0
127
1
88
1000001
0.9202521716259167
240
1
41
1000001
0.6183481319843809
241
1
146
1000001
0.6183481319843809
15
1
0
0
1
-13.5
145
connections
0.2375
link
1.9
bias
0.38
node
0.526315
enable
0.210526
disable
0.38
step
0.095
done
3
28
1000001
-1.146160128343361
242
1
136
1000002
-1.8907873182962365
65
1
144
1000002
0.4245760642341674
20
1
0
0
1
-13.5
146
connections
0.2631575
link
1.9
bias
0.421052
node
0.526315
enable
0.19
disable
0.421052
step
0.095
done
4
74
146
1.0
243
1
74
1000001
0.8632300948253859
204
0
146
1000001
0.8632300948253859
15
1
110
1000002
-1.0536567200694993
101
1
0
0
1
-13.5
146
connections
0.2375
link
1.9
bias
0.421052
node
0.526315
enable
0.210526
disable
0.38
step
0.105263
done
5
117
146
1.0
245
0
144
1000000
-0.4546127923250993
62
1
101
1000001
1.3247551757164766
86
1
117
1000002
1.2852655762673706
244
0
146
1000002
1.2852655762673706
34
1
0
0
1
-13.5
145
connections
0.2631575
link
1.9
bias
0.421052
node
0.526315
enable
0.210526
disable
0.421052
step
0.105263
done
2
134
1000001
-1.9736919442207337
99
1
139
1000002
-0.48705280297417675
31
0
0
0
1
-13.5
145
connections
0.2631575
link
2.10526
bias
0.38
node
0.475
enable
0.210526
disable
0.38
step
0.095
done
2
49
1000001
-1.1512121066619478
246
1
143
1000001
-0.10614115785481593
247
1
0
0
1
-13.5
146
connections
0.2631575
link
1.9
bias
0.38
node
0.526315
enable
0.210526
disable
0.421052
step
0.105263
done
4
35
146
1.0
248
1
35
1000000
0.997926770235416
221
0
146
1000000
0.997926770235416
8
1
36
1000002
-1.4757255847975483
12
1
0
0
1
-13.5
145
connections
0.2631575
link
2.10526
bias
0.38
node
0.526315
enable
0.210526
disable
0.38
step
0.105263
done
2
61
1000001
-1.0807791646207234
207
0
106
1000001
1.3594222693354512
227
1
0
0
1
-13.5
146
connections
0.2631575
link
1.9
bias
0.38
node
0.475
enable
0.210526
disable
0.38
step
0.105263
done
4
80
146
1.0
125
1
33
1000001
-0.2149129466047115
89
1
80
1000002
0.8622287326151827
16
0
146
1000002
0.8622287326151827
34
1
0
0
1
696.0
145
connections
0.2631575
link
1.9
bias
0.38
node
0.526315
enable
0.19
disable
0.421052
step
0.105263
done
2
144
1000000
0.27926038228559324
62
1
142
1000002
1.4987693732325078
249
1
0
0
1
-13.5
146
connections
0.2631575
link
2.10526
bias
0.38
node
0.526315
enable
0.210526
disable
0.38
step
0.095
done
5
74
146
1.0
243
1
98
1000001
-0.9586104895229521
250
1
74
1000002
-0.40457900946215863
251
0
2
1000002
-1.179125500593459
222
1
146
1000002
-0.40457900946215863
34
1
0
0
1
-13.5
145
connections
0.2631575
link
1.9
bias
0.421052
node
0.475
enable
0.210526
disable
0.38
step
0.105263
done
2
71
1000001
-1.7427582696538217
60
1
76
1000001
-1.7675023507444112
215
0
0
0
1
-13.5
146
connections
0.2375
link
1.9
bias
0.38
node
0.526315
enable
0.19
disable
0.421052
step
0.105263
done
4
77
146
1.0
254
1
77
1000000
-0.47615460620302175
252
0
146
1000000
-0.47615460620302175
8
1
44
1000001
-0.24180860464731468
253
1
0
0
1
-13.5
145
connections
0.2375
link
2.10526
bias
0.38
node
0.475
enable
0.19
disable
0.421052
step
0.105263
done
2
46
1000001
0.3845928784887147
147
1
109
1000002
1.2135737653371579
255
1
0
0
1
-13.5
145
connections
0.2631575
link
1.9
bias
0.38
node
0.526315
enable
0.19
disable
0.38
step
0.105263
done
2
54
1000001
0.3486373121158417
105
1
112
1000002
-0.9154510740325561
256
1
0
0
1
-13.5
145
connections
0.2375
link
2.10526
bias
0.38
node
0.475
enable
0.19
disable
0.38
step
0.105263
done
2
20
1000000
1.053345412737238
43
1
94
1000001
-1.7750003079898033
257
1
0
0
1
-13.5
146
connections
0.2375
link
1.9
bias
0.421052
node
0.526315
enable
0.210526
disable
0.421052
step
0.095
done
3
73
146
1.0
259
0
73
1000001
-0.08237607927329016
258
0
146
1000001
-0.08237607927329016
15
1
0
0
1
-13.5
145
connections
0.2631575
link
1.9
bias
0.38
node
0.526315
enable
0.210526
disable
0.38
step
0.105263
done
2
96
1000000
-1.4841168558308695
88
1
113
1000000
0.8001303270376257
78
1
0
0
1
-13.5
146
connections
0.2631575
link
2.10526
bias
0.421052
node
0.475
enable
0.19
disable
0.421052
step
0.095
done
4
5
146
1.0
262
1
5
1000000
0.6074019409356501
261
0
146
1000000
0.6074019409356501
8
1
8
1000002
-0.7936758347317965
260
1
0
0
1
-13.5
146
connections
0.2375
link
2.10526
bias
0.421052
node
0.475
enable
0.210526
disable
0.38
step
0.105263
done
5
75
146
1.0
166
1
68
1000001
0.02085297878226733
194
1
75
1000002
1.4159737672357262
263
0
98
1000002
1.941391091575897
30
1
146
1000002
1.4159737672357262
34
1
0
0
1
-13.5
146
connections
0.2375
link
2.10526
bias
0.421052
node
0.526315
enable
0.19
disable
0.421052
step
0.095
done
4
126
146
1.0
264
1
59
1000000
0.9246323358799176
162
1
126
1000002
1.812117873119743
13
1
146
1000002
1.812117873119743
34
1
0
0
1
-13.5
145
connections
0.2375
link
1.9
bias
0.421052
node
0.475
enable
0.19
disable
0.421052
step
0.095
done
1
90
1000000
-1.2794696256172244
201
1
0
0
1
-13.5
146
connections
0.2375
link
1.9
bias
0.421052
node
0.475
enable
0.19
disable
0.38
step
0.105263
done
5
94
146
1.0
266
1
136
1000000
-0.28974219190740325
58
1
144
1000000
-1.1083119347910495
62
1
94
1000002
0.5155878916574306
265
0
146
1000002
0.5155878916574306
34
1
0
0
1
-13.5
145
connections
0.2375
link
1.9
bias
0.38
node
0.526315
enable
0.19
disable
0.38
step
0.105263
done
1
33
1000000
-1.8955968522032451
170
1
0
0
1
-13.5
146
connections
0.2631575
link
2.10526
bias
0.421052
node
0.526315
enable
0.19
disable
0.38
step
0.105263
done
5
144
146
1.0
14
1
130
1000001
-0.7792849697533453
267
1
30
1000002
-1.0229380346907462
268
0
144
1000002
0.809716934923097
20
0
146
1000002
0.809716934923097
34
1
0
0
1
-13.5
145
connections
0.2631575
link
2.10526
bias
0.421052
node
0.475
enable
0.19
disable
0.38
step
0.105263
done
2
97
1000000
0.22140144283556484
210
1
131
1000001
-0.7069691843434716
5
1
0
0
1
-13.5
145
connections
0.2631575
link
1.9
bias
0.421052
node
0.475
enable
0.210526
disable
0.38
step
0.105263
done
3
116
1000000
-0.8169595868693094
269
1
144
1000000
-0.7038697943359336
62
1
59
1000001
1.169872439288378
270
1
0
0
1
-13.5
145
connections
0.2631575
link
2.10526
bias
0.38
node
0.526315
enable
0.210526
disable
0.38
step
0.105263
done
2
58
1000000
-0.366654068595063
77
1
34
1000001
-1.9093086089934186
271
1
0
0
1
-13.5
146
connections
0.2375
link
2.10526
bias
0.38
node
0.526315
enable
0.210526
disable
0.38
step
0.095
done
4
104
146
1.0
273
1
22
1000002
0.25137595929964274
54
1
104
1000002
1.2508677232589651
272
0
146
1000002
1.2508677232589651
34
1
0
0
1
-13.5
146
connections
0.2375
link
2.10526
bias
0.421052
node
0.475
enable
0.210526
disable
0.421052
step
0.095
done
4
136
146
1.0
59
1
92
1000002
-1.8711164130713493
177
1
136
1000002
0.21617547028924644
65
0
146
1000002
0.21617547028924644
34
1
0
0
1
-13.5
146
connections
0.2631575
link
2.10526
bias
0.38
node
0.475
enable
0.19
disable
0.421052
step
0.105263
done
4
35
146
1.0
248
1
35
1000000
0.7102239948835858
221
0
18
1000000
-1.398288781196968
274
1
146
1000000
0.7102239948835858
8
1
0
0
1
-13.5
146
connections
0.2375
link
1.9
bias
0.38
node
0.526315
enable
0.19
disable
0.421052
step
0.105263
done
5
45
146
1.0
276
1
45
1000001
-1.1893156851583853
275
0
146
1000001
-1.1893156851583853
15
1
80
1000002
1.1443793505025193
16
1
144
1000002
0.5207545084483773
20
1
0
0
1
-13.5
145
connections
0.2631575
link
1.9
bias
0.38
node
0.526315
enable
0.19
disable
0.421052
step
0.095
done
2
35
1000001
1.3965377919991733
277
1
75
1000002
-0.5662664406351308
263
0
0
0
1
-13.5
146
connections
0.2375
link
1.9
bias
0.421052
node
0.526315
enable
0.19
disable
0.421052
step
0.095
done
4
28
146
1.0
279
1
8
1000001
-0.22632498342082252
128
1
28
1000002
1.3381562422040947
278
0
146
1000002
1.3381562422040947
34
1
0
0
1
-13.5
145
connections
0.2375
link
2.10526
bias
0.38
node
0.475
enable
0.19
disable
0.421052
step
0.095
done
2
49
1000000
-0.20632395303250206
106
1
61
1000002
0.9821028484483976
280
0
0
0
1
-13.5
146
connections
0.2375
link
1.9
bias
0.421052
node
0.526315
enable
0.19
disable
0.38
step
0.105263
done
3
116
146
1.0
281
1
116
1000001
1.3583790455203069
38
0
146
1000001
1.3583790455203069
15
1
0
0
1
696.0
146
connections
0.2631575
link
2.10526
bias
0.421052
node
0.526315
enable
0.19
disable
0.421052
step
0.105263
done
5
84
146
1.0
229
1
144
1000000
1.737754590784785
62
1
132
1000002
-0.17845881912158346
282
1
84
1000002
0.4269177050064821
228
0
146
1000002
0.4269177050064821
34
1
0
0
1
-13.5
145
connections
0.2375
link
1.9
bias
0.38
node
0.526315
enable
0.210526
disable
0.421052
step
0.105263
done
2
120
1000001
0.71324880739986
283
0
108
1000001
-1.1868111545883209
179
1
0
0
1
-13.5
146
connections
0.2631575
link
2.10526
bias
0.421052
node
0.526315
enable
0.19
disable
0.421052
step
0.095
done
5
65
146
1.0
285
0
65
1000000
1.3965352152963169
181
1
146
1000000
1.3965352152963169
8
1
90
1000002
-1.1642825292623766
284
1
144
1000002
-0.14758921603566222
20
1
0
0
1
-13.5
146
connections
0.2375
link
1.9
bias
0.38
node
0.526315
enable
0.19
disable
0.421052
step
0.105263
done
4
107
146
1.0
288
1
107
1000000
-0.514064213025538
287
0
146
1000000
-0.514064213025538
8
1
62
1000002
-0.8135006956261104
286
1
0
0
1
-13.5
145
connections
0.2375
link
2.10526
bias
0.38
node
0.475
enable
0.19
disable
0.421052
step
0.095
done
3
17
1000000
0.5591327017685486
289
0
10
1000000
0.6694238021539469
90
1
104
1000001
1.6017074016241346
290
1
0
0
1
-184.5
146
connections
0.2631575
link
1.9
bias
0.421052
node
0.526315
enable
0.19
disable
0.38
step
0.105263
done
4
114
146
1.0
232
0
114
1000000
-1.7487777932253965
291
1
146
1000000
-1.7487777932253965
8
1
78
1000001
1.7505274474433903
29
1
0
0
1
-13.5
145
connections
0.2631575
link
1.9
bias
0.38
node
0.526315
enable
0.210526
disable
0.421052
step
0.105263
done
3
40
1000000
-0.3398385175732681
292
1
106
1000002
0.24795431446002025
231
1
144
1000002
1.2291215213521975
20
1
0
0
1
-13.5
145
connections
0.2631575
link
1.9
bias
0.421052
node
0.475
enable
0.19
disable
0.38
step
0.105263
done
3
2
1000000
-1.8107222295403478
134
1
144
1000000
-1.2295371011537402
62
1
89
1000001
0.23479452489013708
293
1
0
0
1
-13.5
145
connections
0.2631575
link
1.9
bias
0.38
node
0.475
enable
0.210526
disable
0.38
step
0.105263
done
3
114
1000002
-0.3527129196337757
226
1
134
1000002
-1.04980429021672
236
1
144
1000002
-1.8114446254119554
20
1
0
0
1
-13.5
145
connections
0.2375
link
1.9
bias
0.421052
node
0.526315
enable
0.19
disable
0.38
step
0.095
done
2
33
1000000
0.03913194487987193
170
1
81
1000002
1.3352548499765664
294
1
0
0
1
-13.5
146
connections
0.2631575
link
2.10526
bias
0.421052
node
0.526315
enable
0.19
disable
0.38
step
0.105263
done
4
1000002
146
1.0
296
1
1000002
1000001
0.7086927649824326
205
0
13
1000001
0.07290995201397887
295
1
146
1000001
0.7086927649824326
15
1
0
0
1
-13.5
146
connections
0.2631575
link
1.9
bias
0.38
node
0.475
enable
0.210526
disable
0.421052
step
0.095
done
4
122
146
1.0
159
1
122
1000001
0.8845143556823785
98
0
146
1000001
0.8845143556823785
15
1
81
1000002
0.18618567673754516
294
1
0
0
1
-13.5
145
connections
0.2631575
link
2.10526
bias
0.421052
node
0.475
enable
0.19
disable
0.38
step
0.105263
done
3
22
1000000
-0.5492506767122713
298
1
26
1000001
-1.108509860190456
297
1
51
1000001
0.10507542499368405
178
1
0
0
1
-13.5
145
connections
0.2631575
link
1.9
bias
0.421052
node
0.526315
enable
0.210526
disable
0.38
step
0.105263
done
2
63
1000000
-1.331896108048082
299
1
110
1000002
1.7405016229350934
101
0
0
0
1
-13.5
145
connections
0.2631575
link
2.10526
bias
0.38
node
0.526315
enable
0.210526
disable
0.421052
step
0.105263
done
2
32
1000001
-0.23895217349911402
44
1
10
1000001
-1.6778069989885083
300
1
0
0
1
-134.5
146
connections
0.2631575
link
2.10526
bias
0.38
node
0.475
enable
0.19
disable
0.421052
step
0.095
done
4
76
146
1.0
41
1
76
1000001
1.093904657352701
215
0
41
1000001
-0.2635157748702115
241
1
146
1000001
1.093904657352701
15
1
0
0
1
-13.5
146
connections
0.2375
link
1.9
bias
0.421052
node
0.526315
enable
0.19
disable
0.421052
step
0.095
done
4
98
146
1.0
113
1
11
1000001
0.3783868448405707
301
1
98
1000001
0.4302966753691675
250
0
146
1000001
0.4302966753691675
15
1
0
0
1
-13.5
146
connections
0.2375
link
1.9
bias
0.38
node
0.526315
enable
0.19
disable
0.38
step
0.105263
done
4
15
146
1.0
304
1
1000000
1000000
0.2022169428068894
302
1
15
1000002
-1.2953621669169157
303
1
146
1000002
-1.2953621669169157
34
0
0
0
1
-13.5
145
connections
0.2631575
link
1.9
bias
0.38
node
0.475
enable
0.210526
disable
0.38
step
0.105263
done
1
80
1000001
-0.29673787991297296
305
0
0
0
1
-13.5
146
connections
0.2631575
link
2.10526
bias
0.421052
node
0.475
enable
0.19
disable
0.421052
step
0.105263
done
4
72
146
1.0
70
1
72
1000000
1.8495176201286498
306
0
146
1000000
1.8495176201286498
8
1
144
1000002
1.5822952963414938
20
1
0
0
1
696.0
145
connections
0.2631575
link
2.10526
bias
0.38
node
0.526315
enable
0.19
disable
0.421052
step
0.095
done
4
109
1000000
0.6318576182280413
307
1
144
1000000
1.9842337717484084
62
1
98
1000001
-1.658712154445901
250
0
12
1000002
1.8448117510133808
32
1
0
0
1
-13.5
146
connections
0.2631575
link
1.9
bias
0.421052
node
0.475
enable
0.19
disable
0.38
step
0.105263
done
4
144
146
1.0
14
0
102
1000001
1.6347919686429613
308
1
144
1000002
1.4556926665399526
20
0
146
1000002
1.4556926665399526
34
1
0
0
1
696.0
145
connections
0.2375
link
1.9
bias
0.38
node
0.526315
enable
0.210526
disable
0.38
step
0.095
done
3
144
1000000
1.2952725299256835
62
1
87
1000001
0.11741423105022797
310
1
101
1000002
0.38220241465085314
309
1
0
0
1
-13.5
146
connections
0.2631575
link
2.10526
bias
0.38
node
0.475
enable
0.210526
disable
0.421052
step
0.105263
done
4
75
146
1.0
166
0
112
1000000
-0.9121292457319554
311
1
75
1000001
-1.2647576277885544
157
0
146
1000001
-1.2647576277885544
15
1
0
0
1
-13.5
145
connections
0.2631575
link
2.10526
bias
0.38
node
0.475
enable
0.210526
disable
0.38
step
0.105263
done
2
91
1000001
-0.22394440653956726
48
0
111
1000002
0.5893375847309157
312
1
0
0
1
696.0
145
connections
0.2375
link
2.10526
bias
0.38
node
0.475
enable
0.19
disable
0.421052
step
0.105263
done
2
31
1000000
-1.1324611265615996
313
1
82
1000000
0.849584132730643
314
1
0
0
1
-134.5
146
connections
0.2375
link
1.9
bias
0.421052
node
0.526315
enable
0.210526
disable
0.38
step
0.095
done
5
144
146
1.0
14
1
90
1000001
1.9524735842062633
184
1
144
1000001
0.9160440941550498
6
0
146
1000001
0.9160440941550498
15
1
62
1000002
1.7736363481418733
286
0
0
0
1
-13.5
145
connections
0.2631575
link
1.9
bias
0.38
node
0.526315
enable
0.19
disable
0.38
step
0.105263
done
2
36
1000001
1.4912470286348052
143
1
93
1000001
0.18716212452076286
315
1
0
0
1
-13.5
145
connections
0.2375
link
2.10526
bias
0.421052
node
0.475
enable
0.19
disable
0.421052
step
0.105263
done
2
10
1000000
0.37183350806558346
90
1
43
1000000
-1.1518226775521345
316
0
0
0
1
696.0
146
connections
0.2631575
link
1.9
bias
0.421052
node
0.526315
enable
0.210526
disable
0.38
step
0.095
done
5
4
146
1.0
319
1
144
1000000
1.0088577374002625
62
1
60
1000001
-1.5302017787494657
317
0
4
1000001
-0.2916602405464932
318
0
146
1000001
-0.2916602405464932
15
1
0
0
1
-13.5
146
connections
0.2631575
link
1.9
bias
0.38
node
0.526315
enable
0.210526
disable
0.421052
step
0.105263
done
4
81
146
1.0
322
0
120
1000000
0.9806678507735156
321
1
81
1000001
-1.2389135615460476
320
1
146
1000001
-1.2389135615460476
15
1
0
0
1
-13.5
146
connections
0.2631575
link
2.10526
bias
0.421052
node
0.526315
enable
0.19
disable
0.421052
step
0.095
done
4
47
146
1.0
200
1
47
1000001
-1.957809192524587
323
0
63
1000001
1.6431577984883505
324
1
146
1000001
-1.957809192524587
15
0
0
0
1
-13.5
146
connections
0.2375
link
2.10526
bias
0.38
node
0.475
enable
0.19
disable
0.421052
step
0.095
done
4
119
146
1.0
326
1
119
1000001
-1.5659856516400308
325
0
25
1000001
-0.2036035677082646
136
1
146
1000001
-1.5659856516400308
15
1
0
0
1
-13.5
146
connections
0.2375
link
2.10526
bias
0.38
node
0.526315
enable
0.210526
disable
0.421052
step
0.105263
done
4
54
146
1.0
328
1
54
1000000
-0.5261810767004209
327
0
146
1000000
-0.5261810767004209
8
1
62
1000002
0.2951978134533073
286
1
0
0
1
-13.0
145
connections
0.2375
link
2.10526
bias
0.38
node
0.475
enable
0.210526
disable
0.38
step
0.105263
done
3
90
1000000
0.666876183657803
201
1
12
1000000
0.5922526793709659
25
1
144
1000002
1.867250818640314
20
1
0
0
1
692.5
146
connections
0.2631575
link
1.9
bias
0.421052
node
0.475
enable
0.19
disable
0.38
step
0.095
done
4
144
146
1.0
14
1
144
1000000
1.1724757959730332
62
0
146
1000000
1.1724757959730332
8
1
80
1000002
1.0211735229449035
16
0
0
0
1
-13.5
146
connections
0.2375
link
1.9
bias
0.38
node
0.475
enable
0.19
disable
0.421052
step
0.105263
done
5
31
146
1.0
193
1
107
1000000
1.0247238908381857
287
1
144
1000000
-0.6591088685273143
62
1
31
1000002
-0.6111897569945408
186
0
146
1000002
-0.6111897569945408
34
1
0
0
1
-13.5
146
connections
0.2631575
link
1.9
bias
0.421052
node
0.475
enable
0.210526
disable
0.38
step
0.105263
done
4
85
146
1.0
331
1
25
1000000
-1.3009571657470178
330
1
85
1000001
1.0864992161848557
329
0
146
1000001
1.0864992161848557
15
1
0
0
1
-13.5
145
connections
0.2631575
link
1.9
bias
0.38
node
0.475
enable
0.19
disable
0.38
step
0.095
done
2
91
1000000
0.5147119347439326
220
1
93
1000002
-0.2018306266456058
183
1
0
0
1
-13.5
146
connections
0.2375
link
1.9
bias
0.421052
node
0.475
enable
0.19
disable
0.38
step
0.095
done
4
8
146
1.0
333
1
142
1000001
-1.0124461705199712
332
1
8
1000002
-1.26475332182698
260
0
146
1000002
-1.26475332182698
34
1
0
0
1
-13.5
145
connections
0.2631575
link
1.9
bias
0.421052
node
0.526315
enable
0.19
disable
0.38
step
0.105263
done
2
11
1000000
-0.33399443013384467
145
1
65
1000001
-0.6193774150873104
81
0
0
0
1
-13.5
145
connections
0.2375
link
1.9
bias
0.38
node
0.475
enable
0.19
disable
0.421052
step
0.095
done
2
72
1000000
-1.669431094741506
306
1
3
1000001
0.136430179802272
334
1
0
0
1
-184.5
145
connections
0.2375
link
2.10526
bias
0.38
node
0.526315
enable
0.19
disable
0.38
step
0.095
done
3
101
1000000
1.2035060980970163
335
1
68
1000001
0.6498948209578654
194
1
144
1000001
1.4697702244723216
6
1
0
0
1
-184.5
145
connections
0.2375
link
1.9
bias
0.38
node
0.526315
enable
0.19
disable
0.421052
step
0.105263
done
3
138
1000000
-0.41662382857641767
26
1
85
1000000
1.4300584783216546
21
1
144
1000001
0.37977643462172495
6
1
0
0
1
-13.5
145
connections
0.2631575
link
1.9
bias
0.38
node
0.526315
enable
0.210526
disable
0.38
step
0.105263
done
1
73
1000000
-0.9368301444616343
336
1
0
0
1
-13.5
145
connections
0.2375
link
2.10526
bias
0.421052
node
0.526315
enable
0.19
disable
0.421052
step
0.105263
done
2
54
1000001
0.9228493554678177
105
0
35
1000002
-0.8164994825780156
235
1
0
0
1
-13.5
146
connections
0.2375
link
2.10526
bias
0.38
node
0.526315
enable
0.210526
disable
0.421052
step
0.095
done
6
144
146
1.0
14
0
1000000
1000000
-1.5342114716097401
302
1
144
1000001
-1.379720533544802
6
0
146
1000001
-1.379720533544802
15
1
94
1000002
-1.5574923328974308
265
1
5
1000002
-0.2730402344185645
337
1
0
0
1
-13.5
145
connections
0.2631575
link
2.10526
bias
0.38
node
0.526315
enable
0.19
disable
0.421052
step
0.105263
done
2
103
1000002
-0.9791417166330896
39
1
24
1000002
0.16143299952831303
338
0
0
0
1
-13.5
146
connections
0.2375
link
1.9
bias
0.38
node
0.526315
enable
0.210526
disable
0.421052
step
0.095
done
4
144
146
1.0
14
0
22
1000001
0.8072648937794193
224
1
144
1000002
-1.7300211877605447
20
1
146
1000002
-1.7300211877605447
34
1
0
0
1
-13.5
146
connections
0.2631575
link
2.10526
bias
0.421052
node
0.526315
enable
0.19
disable
0.421052
step
0.095
done
4
108
146
1.0
180
0
108
1000001
0.6769795673320611
179
0
146
1000001
0.6769795673320611
15
1
12
1000002
0.010442118364868413
32
1
0
0
1
-184.5
145
connections
0.2631575
link
2.10526
bias
0.38
node
0.475
enable
0.19
disable
0.38
step
0.105263
done
3
34
1000000
-0.10533530629423549
64
1
144
1000001
0.8005337492238214
6
1
1
1000002
1.7141385563140603
190
1
0
0
1
-13.5
146
connections
0.2631575
link
1.9
bias
0.38
node
0.475
enable
0.19
disable
0.421052
step
0.095
done
4
71
146
1.0
341
1
71
1000000
1.237372762808902
339
0
146
1000000
1.237372762808902
8
1
46
1000002
0.6660955080187518
340
1
0
0
1
-13.5
145
connections
0.2631575
link
2.10526
bias
0.421052
node
0.475
enable
0.19
disable
0.38
step
0.105263
done
2
133
1000000
-1.9693520545312921
342
1
12
1000002
0.419726402190296
32
1
0
0
1
-13.5
145
connections
0.2631575
link
2.10526
bias
0.38
node
0.526315
enable
0.210526
disable
0.421052
step
0.095
done
3
30
1000000
-1.2655224918014825
343
1
133
1000000
1.5648568039030115
342
1
1000001
1000002
0.4418545316006113
172
1
0
0
1
-13.5
146
connections
0.2375
link
2.10526
bias
0.38
node
0.526315
enable
0.210526
disable
0.38
step
0.095
done
4
27
146
1.0
84
1
27
1000001
1.0966971834736285
219
0
121
1000001
-1.9675731652044668
344
0
146
1000001
1.0966971834736285
15
1
0
0
1
-13.5
145
connections
0.2631575
link
1.9
bias
0.38
node
0.526315
enable
0.19
disable
0.421052
step
0.095
done
2
30
1000000
-1.3434352775804816
343
1
59
1000001
-0.4871092477611585
270
1
0
0
1
-13.5
146
connections
0.2375
link
1.9
bias
0.38
node
0.475
enable
0.210526
disable
0.421052
step
0.095
done
5
123
146
1.0
188
1
103
1000001
-0.6554827202832683
345
1
123
1000002
1.8435153728025382
213
0
144
1000002
0.709857362014219
20
1
146
1000002
1.8435153728025382
34
1
0
0
1
-184.5
145
connections
0.2375
link
2.10526
bias
0.421052
node
0.526315
enable
0.19
disable
0.38
step
0.095
done
3
1000000
1000000
0.09656012120095525
302
1
45
1000000
-0.9393381138223287
346
1
144
1000001
0.932866837347881
6
1
0
0
1
-13.5
145
connections
0.2375
link
1.9
bias
0.38
node
0.475
enable
0.210526
disable
0.421052
step
0.105263
done
3
29
1000000
-0.6626183921352555
347
1
104
1000001
-0.034467391037741546
290
1
144
1000002
1.8755017294130734
20
1
0
0
1
-13.5
145
connections
0.2375
link
2.10526
bias
0.421052
node
0.475
enable
0.19
disable
0.38
step
0.095
done
2
9
1000000
-1.5610562315768357
349
1
16
1000001
-0.2535607900575041
348
0
0
0
1
-13.5
145
connections
0.2375
link
2.10526
bias
0.38
node
0.526315
enable
0.210526
disable
0.38
step
0.095
done
3
24
1000000
-1.6020381327319546
350
1
137
1000002
1.269683894152858
140
1
75
1000002
0.6338670747915804
263
1
0
0
1
-13.5
145
connections
0.2375
link
1.9
bias
0.421052
node
0.475
enable
0.210526
disable
0.38
step
0.095
done
2
52
1000002
-0.9119486411272741
351
0
82
1000002
-1.0249436504065876
352
1
0
0
1
-13.5
146
connections
0.2631575
link
1.9
bias
0.38
node
0.526315
enable
0.210526
disable
0.421052
step
0.095
done
5
73
146
1.0
259
1
118
1000000
-0.7354823131685926
353
1
73
1000001
-1.7934906064626612
258
0
146
1000001
-1.7934906064626612
15
1
144
1000002
-0.7909285083290838
20
1
0
0
1
-13.5
146
connections
0.2375
link
2.10526
bias
0.421052
node
0.475
enable
0.210526
disable
0.38
step
0.095
done
4
54
146
1.0
328
1
54
1000000
0.39056414784846316
327
0
146
1000000
0.39056414784846316
8
1
98
1000002
-0.641259262088107
30
0
0
0
1
-13.5
146
connections
0.2375
link
1.9
bias
0.421052
node
0.475
enable
0.19
disable
0.38
step
0.095
done
4
135
146
1.0
356
1
130
1000000
1.3000525704397394
355
1
135
1000001
0.3749786351632194
354
0
146
1000001
0.3749786351632194
15
1
0
0
1
-13.5
146
connections
0.2631575
link
2.10526
bias
0.38
node
0.526315
enable
0.210526
disable
0.38
step
0.105263
done
5
144
146
1.0
14
1
1000002
1000002
1.8187187653587524
185
0
127
1000002
1.947521745104388
357
1
144
1000002
0.15409260880353193
20
0
146
1000002
0.15409260880353193
34
1
0
0
1
-13.5
146
connections
0.2375
link
2.10526
bias
0.38
node
0.526315
enable
0.210526
disable
0.38
step
0.105263
done
4
35
146
1.0
248
1
35
1000000
-0.8729693711246416
221
0
146
1000000
-0.8729693711246416
8
1
7
1000002
-0.5117638608626915
171
1
0
0
1
-13.5
145
connections
0.2631575
link
2.10526
bias
0.421052
node
0.475
enable
0.19
disable
0.38
step
0.095
done
3
7
1000000
0.28675780686252095
358
1
60
1000001
-0.25548299286992027
317
1
144
1000001
-0.7788780934372741
6
0
0
0
1
-13.5
146
connections
0.2631575
link
1.9
bias
0.38
node
0.526315
enable
0.19
disable
0.38
step
0.105263
done
4
64
146
1.0
360
1
64
1000000
-1.3759909730318616
359
0
146
1000000
-1.3759909730318616
8
1
65
1000001
-1.195209076041864
81
1
0
0
1
-13.5
146
connections
0.2375
link
1.9
bias
0.38
node
0.475
enable
0.19
disable
0.421052
step
0.095
done
4
109
146
1.0
361
1
59
1000001
1.9014978397552031
270
1
109
1000002
0.6335234804793086
255
0
146
1000002
0.6335234804793086
34
1
0
0
1
-184.5
145
connections
0.2375
link
1.9
bias
0.38
node
0.475
enable
0.19
disable
0.421052
step
0.095
done
3
1
1000000
-1.94221609604609
363
1
23
1000001
1.810277248255419
362
1
144
1000001
0.49943571563386424
6
1
0
0
1
-13.5
145
connections
0.2375
link
2.10526
bias
0.421052
node
0.526315
enable
0.210526
disable
0.421052
step
0.095
done
2
3
1000002
-1.689502630152905
364
1
43
1000002
0.5311618865136141
365
1
0
0
1
-13.5
145
connections
0.2631575
link
2.10526
bias
0.38
node
0.475
enable
0.19
disable
0.38
step
0.095
done
3
81
1000000
-0.9430765371515664
366
1
144
1000001
0.7164808888878822
6
0
119
1000002
0.45878308707618665
367
1
0
0
1
696.0
145
connections
0.2631575
link
2.10526
bias
0.421052
node
0.475
enable
0.19
disable
0.421052
step
0.095
done
2
144
1000000
1.166812788949846
62
1
64
1000002
-0.12039008750784763
368
0
0
0
1
-13.5
145
connections
0.2375
link
2.10526
bias
0.421052
node
0.526315
enable
0.19
disable
0.421052
step
0.095
done
2
46
1000000
0.2016653828571422
230
1
5
1000000
-1.6773996335817785
261
0
0
0
1
-13.5
146
connections
0.2375
link
1.9
bias
0.38
node
0.526315
enable
0.210526
disable
0.38
step
0.095
done
4
88
146
1.0
133
1
88
1000001
1.498387792260845
240
0
24
1000001
0.5193788277281439
369
1
146
1000001
1.498387792260845
15
1
0
0
1
-13.5
145
connections
0.2631575
link
1.9
bias
0.38
node
0.475
enable
0.210526
disable
0.38
step
0.105263
done
2
34
1000001
-1.7838124811360085
271
1
76
1000002
0.15057310780250033
40
1
0
0
1
-13.5
145
connections
0.2631575
link
2.10526
bias
0.38
node
0.475
enable
0.210526
disable
0.421052
step
0.095
done
3
46
1000000
0.013489415280339312
230
1
144
1000000
-0.14368759910744844
62
1
61
1000001
1.2629466753702765
207
0
0
0
1
-13.5
145
connections
0.2631575
link
1.9
bias
0.421052
node
0.475
enable
0.19
disable
0.38
step
0.095
done
3
144
1000000
-1.9950561771303543
62
1
1000001
1000001
0.25790749648519773
234
0
85
1000001
0.11375373059939209
329
1
0
0
1
-13.5
146
connections
0.2375
link
1.9
bias
0.421052
node
0.475
enable
0.19
disable
0.421052
step
0.095
done
4
128
146
1.0
371
1
85
1000000
1.2795052144442924
21
1
128
1000001
-0.5554697294681175
370
0
146
1000001
-0.5554697294681175
15
0
0
0
1
-13.5
146
connections
0.2375
link
1.9
bias
0.38
node
0.475
enable
0.19
disable
0.38
step
0.105263
done
5
16
146
1.0
372
1
0
1000000
0.8856443842692663
158
1
16
1000000
1.7487348297756915
49
0
146
1000000
1.7487348297756915
8
1
144
1000002
-0.32970839830587506
20
1
0
0
1
-184.5
145
connections
0.2375
link
1.9
bias
0.38
node
0.526315
enable
0.210526
disable
0.421052
step
0.095
done
3
1000000
1000001
-0.18307377336073705
109
1
48
1000001
-0.017750564089821452
373
1
144
1000001
0.25987665741793897
6
1
0
0
1
-13.5
146
connections
0.2631575
link
1.9
bias
0.421052
node
0.475
enable
0.19
disable
0.421052
step
0.105263
done
5
144
146
1.0
14
1
111
1000001
-1.7457783158470335
192
0
131
1000002
-1.49436788646996
374
1
144
1000002
-1.0448417321694152
20
0
146
1000002
-1.0448417321694152
34
1
0
0
1
-13.5
145
connections
0.2375
link
2.10526
bias
0.421052
node
0.526315
enable
0.210526
disable
0.38
step
0.095
done
3
34
1000001
-0.1414310308505229
271
1
144
1000001
-0.2756177578852128
6
1
135
1000002
1.6499343090385956
375
1
0
0
1
-13.5
145
connections
0.2375
link
2.10526
bias
0.38
node
0.526315
enable
0.19
disable
0.38
step
0.105263
done
3
127
1000000
-0.3945500114105265
376
1
65
1000000
1.0272702224472807
181
1
12
1000002
-1.822306951849336
32
1
0
0
1
-13.5
146
connections
0.2375
link
1.9
bias
0.421052
node
0.526315
enable
0.210526
disable
0.421052
step
0.105263
done
4
108
146
1.0
180
0
123
1000000
-1.2908077111267127
93
1
108
1000002
-0.37460607308520544
66
0
146
1000002
-0.37460607308520544
34
1
0
0
1
-13.5
145
connections
0.2375
link
1.9
bias
0.38
node
0.526315
enable
0.19
disable
0.421052
step
0.095
done
2
138
1000002
-1.76337056811072
377
1
26
1000002
-0.4398211415578688
378
0
0
0
1
-184.5
145
connections
0.2631575
link
2.10526
bias
0.421052
node
0.475
enable
0.19
disable
0.38
step
0.105263
done
3
130
1000000
0.7097690650101254
355
1
144
1000001
1.680144998026186
6
1
52
1000002
0.12729451335199826
351
1
0
0
1
-13.5
145
connections
0.2375
link
1.9
bias
0.421052
node
0.526315
enable
0.19
disable
0.38
step
0.105263
done
3
1000001
1000001
-1.584879317684519
234
1
87
1000001
0.1357623113222033
310
1
144
1000002
-0.7277014219724012
20
1
0
0
1
-13.5
145
connections
0.2631575
link
2.10526
bias
0.38
node
0.526315
enable
0.210526
disable
0.421052
step
0.095
done
2
112
1000001
0.7229196880644113
379
0
32
1000001
0.14775274347359257
44
1
0
0
1
-13.5
146
connections
0.2631575
link
2.10526
bias
0.38
node
0.526315
enable
0.210526
disable
0.421052
step
0.105263
done
5
10
146
1.0
380
1
68
1000001
-1.544197798662283
194
0
10
1000002
-1.4445256495447723
28
0
144
1000002
-1.74608326777737
20
1
146
1000002
-1.4445256495447723
34
1
0
0
1
-13.5
146
connections
0.2375
link
2.10526
bias
0.421052
node
0.526315
enable
0.19
disable
0.38
step
0.105263
done
5
108
146
1.0
180
1
78
1000000
-0.40772119349279023
381
1
144
1000000
-1.6035477969971743
62
1
108
1000002
-0.09307518607858567
66
0
146
1000002
-0.09307518607858567
34
1
0
0
1
-13.5
146
connections
0.2375
link
1.9
bias
0.421052
node
0.475
enable
0.19
disable
0.38
step
0.105263
done
4
62
146
1.0
382
1
1000002
1000002
1.2231410693592633
185
1
62
1000002
1.1765436335729214
286
0
146
1000002
1.1765436335729214
34
0
0
0
1
-13.5
145
connections
0.2631575
link
1.9
bias
0.421052
node
0.475
enable
0.210526
disable
0.421052
step
0.105263
done
2
31
1000000
1.7570429936525969
313
1
43
1000002
1.3625365779397565
365
1
0
0
1
-13.5
146
connections
0.2631575
link
2.10526
bias
0.38
node
0.526315
enable
0.210526
disable
0.421052
step
0.095
done
4
78
146
1.0
385
1
59
1000002
0.32223489307357367
383
1
78
1000002
0.677659033527299
384
1
146
1000002
0.677659033527299
34
0
0
0
1
-13.5
145
connections
0.2375
link
1.9
bias
0.38
node
0.475
enable
0.19
disable
0.38
step
0.095
done
3
51
1000000
-0.24991993898100384
209
1
110
1000002
0.06975862317375059
101
1
144
1000002
-0.14533181620664726
20
0
0
0
1
-13.5
146
connections
0.2631575
link
1.9
bias
0.421052
node
0.475
enable
0.210526
disable
0.421052
step
0.095
done
4
144
146
1.0
14
1
144
1000000
-0.233378441603441
62
0
146
1000000
-0.233378441603441
8
1
84
1000002
-0.5306169107732379
228
1
0
0
1
-13.5
145
connections
0.2375
link
2.10526
bias
0.38
node
0.526315
enable
0.210526
disable
0.38
step
0.095
done
2
96
1000000
0.07805063331552109
88
1
85
1000000
-0.2517251291182787
21
1
0
0
1
-13.5
145
connections
0.2375
link
1.9
bias
0.38
node
0.475
enable
0.19
disable
0.421052
step
0.105263
done
2
96
1000001
-1.205940073154983
73
1
49
1000001
0.05369309463568417
246
0
0
0
1
-184.5
146
connections
0.2631575
link
1.9
bias
0.421052
node
0.526315
enable
0.19
disable
0.421052
step
0.105263
done
5
84
146
1.0
229
1
144
1000001
1.5500849784628126
6
1
84
1000002
-1.9166659353462903
228
1
36
1000002
-1.653999256459624
12
0
146
1000002
-1.9166659353462903
34
1
0
0
1
-13.5
146
connections
0.2631575
link
2.10526
bias
0.38
node
0.475
enable
0.210526
disable
0.421052
step
0.095
done
5
55
146
1.0
387
1
55
1000001
-1.420927948173425
386
1
80
1000001
-1.8036813333308523
305
1
146
1000001
-1.420927948173425
15
1
144
1000002
-0.6659169869097759
20
1
0
0
1
-13.5
145
connections
0.2375
link
2.10526
bias
0.421052
node
0.526315
enable
0.210526
disable
0.38
step
0.105263
done
2
141
1000002
0.8591364807530333
388
1
58
1000002
0.2207350277129585
389
0
0
0
1
-13.5
146
connections
0.2631575
link
2.10526
bias
0.38
node
0.526315
enable
0.210526
disable
0.38
step
0.095
done
4
122
146
1.0
159
1
35
1000000
0.4043175602694369
221
1
122
1000002
-0.1734690224989639
390
0
146
1000002
-0.1734690224989639
34
1
0
0
1
-13.5
146
connections
0.2375
link
1.9
bias
0.38
node
0.526315
enable
0.210526
disable
0.421052
step
0.095
done
4
0
146
1.0
393
1
136
1000001
0.41575705609397406
391
1
0
1000001
0.7210781344648725
392
0
146
1000001
0.7210781344648725
15
1
0
0
1
-13.5
146
connections
0.2631575
link
2.10526
bias
0.421052
node
0.475
enable
0.19
disable
0.38
step
0.105263
done
4
139
146
1.0
395
1
0
1000000
0.4383592407689516
158
1
139
1000000
1.0438162959075776
394
1
146
1000000
1.0438162959075776
8
1
0
0
1
-13.5
145
connections
0.2375
link
2.10526
bias
0.421052
node
0.475
enable
0.19
disable
0.421052
step
0.105263
done
2
114
1000000
0.7665789991643353
291
1
113
1000002
-1.5971968806757557
122
1
0
0
1
-13.5
145
connections
0.2375
link
2.10526
bias
0.421052
node
0.526315
enable
0.210526
disable
0.38
step
0.095
done
2
89
1000000
-1.1078623933684035
396
0
111
1000001
-1.7748649709980264
192
1
0
0
1
-13.5
145
connections
0.2631575
link
2.10526
bias
0.421052
node
0.526315
enable
0.210526
disable
0.421052
step
0.105263
done
2
70
1000001
-1.4710237176503003
118
0
6
1000001
1.6171523640589727
238
1
0
0
1
-13.5
145
connections
0.2375
link
1.9
bias
0.421052
node
0.475
enable
0.19
disable
0.38
step
0.095
done
2
55
1000000
0.14249420753018738
398
0
95
1000001
-0.5166693665102549
397
1
0
0
1
-13.5
146
connections
0.2375
link
2.10526
bias
0.38
node
0.526315
enable
0.19
disable
0.421052
step
0.105263
done
4
61
146
1.0
399
1
68
1000001
1.4112838663115603
194
1
61
1000002
0.8954361158755462
280
0
146
1000002
0.8954361158755462
34
1
0
0
1
-13.5
146
connections
0.2631575
link
1.9
bias
0.38
node
0.526315
enable
0.19
disable
0.38
step
0.105263
done
4
58
146
1.0
400
1
74
1000001
0.31554834731511594
204
1
58
1000001
0.49050816307063316
95
1
146
1000001
0.49050816307063316
15
1
0
0
1
-13.5
146
connections
0.2631575
link
1.9
bias
0.38
node
0.475
enable
0.210526
disable
0.38
step
0.095
done
5
144
146
1.0
14
1
108
1000000
-0.5172078734130223
401
1
144
1000000
-0.6276683408880115
62
0
146
1000000
-0.6276683408880115
8
1
88
1000001
0.2532107864486255
240
1
0
0
1
-13.5
145
connections
0.2375
link
1.9
bias
0.38
node
0.475
enable
0.19
disable
0.421052
step
0.095
done
3
68
1000000
1.758499046626965
402
1
144
1000000
-0.5437424542981799
62
1
130
1000001
-0.5647289229257959
267
1
0
0
1
-13.5
146
connections
0.2631575
link
1.9
bias
0.38
node
0.526315
enable
0.210526
disable
0.38
step
0.105263
done
4
113
146
1.0
403
1
113
1000000
-0.728561646853588
78
1
146
1000000
-0.728561646853588
8
1
7
1000002
0.22031567357359316
171
1
0
0
1
-13.5
145
connections
0.2631575
link
2.10526
bias
0.38
node
0.475
enable
0.210526
disable
0.38
step
0.095
done
2
118
1000001
0.38531618987508454
404
1
106
1000001
0.022363933991815355
227
1
0
0
1
-13.5
146
connections
0.2631575
link
1.9
bias
0.38
node
0.526315
enable
0.210526
disable
0.38
step
0.105263
done
4
106
146
1.0
407
1
106
1000000
0.1816036286208944
405
0
146
1000000
0.1816036286208944
8
1
143
1000002
-1.8693777485563872
406
1
0
0
1
-13.5
146
connections
0.2375
link
1.9
bias
0.421052
node
0.526315
enable
0.19
disable
0.421052
step
0.095
done
5
144
146
1.0
14
1
74
1000000
-0.1949597688978062
408
1
131
1000001
-0.5312036139294958
5
1
144
1000002
-1.7286622991363942
20
0
146
1000002
-1.7286622991363942
34
1
0
0
1
696.0
145
connections
0.2631575
link
2.10526
bias
0.421052
node
0.475
enable
0.210526
disable
0.421052
step
0.095
done
3
66
1000000
0.9693480220717725
208
1
144
1000000
0.6868426501375757
62
1
25
1000002
-0.3273822725903819
409
1
0
0
1
-184.5
146
connections
0.2631575
link
2.10526
bias
0.421052
node
0.475
enable
0.19
disable
0.421052
step
0.105263
done
5
56
146
1.0
411
1
56
1000000
-1.6742339752640603
410
1
146
1000000
-1.6742339752640603
8
1
54
1000001
0.012383717065045374
105
1
144
1000001
1.1359372307682807
6
1
0
0
1
-13.5
145
connections
0.2631575
link
1.9
bias
0.38
node
0.475
enable
0.210526
disable
0.38
step
0.105263
done
2
30
1000000
0.3260867822647522
343
1
29
1000002
0.9466308514904522
412
1
0
0
1
-184.5
145
connections
0.2375
link
2.10526
bias
0.421052
node
0.475
enable
0.210526
disable
0.421052
step
0.095
done
2
83
1000001
0.23511708203964243
195
1
65
1000002
1.2339450037374902
413
1
0
0
1
-13.5
146
connections
0.2375
link
2.10526
bias
0.38
node
0.475
enable
0.19
disable
0.421052
step
0.095
done
4
20
146
1.0
415
1
20
1000002
0.2268405585900446
414
1
58
1000002
-0.05120871372085034
389
1
146
1000002
0.2268405585900446
34
1
0
0
1
-13.5
145
connections
0.2375
link
2.10526
bias
0.421052
node
0.526315
enable
0.19
disable
0.421052
step
0.095
done
2
113
1000000
0.6497555864881743
78
1
68
1000002
1.7810749013471838
416
1
0
0
1
696.0
146
connections
0.2631575
link
2.10526
bias
0.38
node
0.526315
enable
0.19
disable
0.421052
step
0.105263
done
5
54
146
1.0
328
1
54
1000000
-0.9651173118649252
327
0
15
1000000
-0.5658054578732403
417
1
144
1000000
1.598025231056679
62
1
146
1000000
-0.9651173118649252
8
0
0
0
1
-13.5
146
connections
0.2375
link
1.9
bias
0.38
node
0.475
enable
0.210526
disable
0.421052
step
0.105263
done
4
29
146
1.0
418
1
29
1000000
0.40658539086293466
347
1
146
1000000
0.40658539086293466
8
1
25
1000002
-1.3537190213889359
409
0
0
0
1
-13.5
146
connections
0.2631575
link
2.10526
bias
0.421052
node
0.526315
enable
0.210526
disable
0.421052
step
0.095
done
4
40
146
1.0
419
1
40
1000000
-1.7527468435074942
292
0
99
1000000
-1.8961150684706483
45
0
146
1000000
-1.7527468435074942
8
1
0
0
1
-13.5
145
connections
0.2631575
link
2.10526
bias
0.38
node
0.526315
enable
0.210526
disable
0.421052
step
0.105263
done
3
144
1000000
-1.2881936559884046
62
1
32
1000001
0.004025826077170169
44
1
51
1000002
1.0412116782244114
420
1
0
0
1
-13.5
145
connections
0.2375
link
2.10526
bias
0.38
node
0.475
enable
0.19
disable
0.38
step
0.095
done
3
144
1000000
-0.5240627893665644
62
1
53
1000001
-1.58716381525418
167
1
23
1000002
-0.7749705800373321
96
1
0
0
1
-13.5
145
connections
0.2631575
link
1.9
bias
0.421052
node
0.526315
enable
0.19
disable
0.421052
step
0.105263
done
2
110
1000000
0.5003555695456781
421
0
8
1000001
-1.6403791885335295
128
1
0
0
1
-13.5
146
connections
0.2375
link
1.9
bias
0.421052
node
0.526315
enable
0.210526
disable
0.38
step
0.105263
done
4
59
146
1.0
163
1
75
1000001
-1.776163432910495
157
0
59
1000002
-1.335230235031334
383
0
146
1000002
-1.335230235031334
34
1
0
0
1
-13.5
145
connections
0.2631575
link
2.10526
bias
0.38
node
0.475
enable
0.19
disable
0.38
step
0.105263
done
3
51
1000001
-1.110595002085776
178
1
113
1000001
0.4340699017364469
423
1
40
1000002
-0.6225123685563307
422
0
0
0
1
-13.5
146
connections
0.2631575
link
1.9
bias
0.421052
node
0.526315
enable
0.210526
disable
0.421052
step
0.105263
done
4
15
146
1.0
304
1
15
1000000
-0.045539268112497755
417
0
146
1000000
-0.045539268112497755
8
1
60
1000002
-1.0276147003614913
424
1
0
0
1
-13.5
145
connections
0.2631575
link
1.9
bias
0.38
node
0.526315
enable
0.19
disable
0.421052
step
0.105263
done
2
100
1000000
0.000579585791120607
425
1
79
1000001
-0.7540466947170597
85
1
0
0
1
696.0
145
connections
0.2631575
link
1.9
bias
0.38
node
0.526315
enable
0.210526
disable
0.421052
step
0.095
done
3
112
1000000
0.8619654656436504
311
1
20
1000000
-0.07100857989104847
43
1
144
1000000
0.6494214278005317
62
1
0
0
1
-13.5
145
connections
0.2375
link
2.10526
bias
0.38
node
0.475
enable
0.210526
disable
0.421052
step
0.105263
done
3
144
1000001
-1.9161947077463366
6
1
3
1000002
0.7971572389668302
364
1
132
1000002
0.8857063012186828
282
0
0
0
1
-13.5
146
connections
0.2631575
link
2.10526
bias
0.421052
node
0.526315
enable
0.19
disable
0.421052
step
0.105263
done
4
87
146
1.0
428
1
48
1000000
1.6992461801266177
426
1
87
1000000
0.028900641204692157
427
0
146
1000000
0.028900641204692157
8
1
0
0
1
-13.5
146
connections
0.2375
link
1.9
bias
0.38
node
0.475
enable
0.210526
disable
0.38
step
0.095
done
5
144
146
1.0
14
1
144
1000000
-0.9548713487784424
62
0
146
1000000
-0.9548713487784424
8
1
1
1000001
-0.74182854529196
429
1
47
1000001
-0.4048371902494736
323
1
0
0
1
-13.5
146
connections
0.2375
link
1.9
bias
0.421052
node
0.526315
enable
0.210526
disable
0.421052
step
0.105263
done
4
99
146
1.0
430
1
99
1000000
1.8956452106424586
45
0
146
1000000
1.8956452106424586
8
1
144
1000002
-0.8658794845994349
20
0
0
0
1
-13.5
145
connections
0.2631575
link
2.10526
bias
0.38
node
0.475
enable
0.19
disable
0.38
step
0.105263
done
2
102
1000000
1.7262354513958376
431
1
81
1000001
-0.10401764836232985
320
0
